13.535900 -6.759136 -39.428020
8.330035 -3.765543 -39.917187
4.165345 -1.370666 -40.308521
0.833592 0.545233 -40.621586
-1.831808 2.077952 -40.872036
-3.814323 3.304126 -41.072399
-5.400334 4.285066 -41.232685
-6.818950 5.069818 -41.768734
-7.953842 5.697622 -42.197567
-8.861757 6.055074 -42.132824
-9.588088 6.341036 -42.081028
-10.169154 6.859381 -42.175526
-10.634007 7.274060 -42.251125
-10.706274 7.171438 -42.311604
-11.109953 7.313239 -42.806515
-11.386644 7.492359 -43.163731
-11.607998 7.635653 -43.177631
-11.785081 7.750290 -43.188747
-11.627134 7.697208 -43.333584
-11.500775 7.654742 -43.449451
-12.127776 7.854216 -43.126919
-12.200904 7.490775 -43.012241
-12.259405 7.200021 -42.920498
-12.605822 7.256992 -42.711170
-12.882954 7.302571 -42.543705
-12.805045 7.194248 -42.545673
-12.692859 7.472623 -42.412563
-12.652969 7.764654 -42.304821
-12.595530 7.663936 -42.149670
-12.874721 7.483338 -42.230442
-13.098074 7.338862 -42.295063
-12.977142 7.223279 -42.074886
-12.880396 7.130813 -41.898739
-12.802999 7.346416 -41.893757
-12.741082 7.518900 -41.889774
-12.541741 7.512098 -42.158466
-12.382270 7.506656 -42.373417
-12.691933 7.759437 -41.948887
-12.951843 7.414950 -42.069813
-13.159770 7.139360 -42.166553
-12.919882 7.524370 -41.816494
-12.984394 7.516472 -41.420155
-13.036003 7.510155 -41.103085
-13.077291 8.229042 -41.393177
-13.110322 8.804154 -41.625248
-13.436359 8.974668 -41.674969
-13.697190 9.111077 -41.714741
-13.306628 9.509780 -41.746563
-12.994177 9.828742 -41.772022
-13.343444 10.373490 -41.656452
-13.622858 10.809288 -41.563992
-13.696583 11.592291 -41.082211
-13.755563 12.218692 -40.696789
-13.652940 12.575025 -40.252514
-13.570842 12.860092 -39.897091
-13.804777 13.232932 -39.748692
-13.991923 13.531204 -39.629971
-13.692221 14.204189 -39.399059
-13.452458 14.742578 -39.214329
-13.560262 15.318075 -39.066547
-13.646505 15.778473 -38.948322
-13.715500 16.291580 -38.853741
-13.770696 16.702066 -38.778072
-13.964660 17.464821 -38.445667
-14.119830 18.075024 -38.179737
-14.094160 18.997549 -37.966999
-14.073624 19.735571 -37.796803
-14.057196 20.181198 -36.980961
-14.044053 20.537703 -36.328289
-13.883732 21.402056 -36.078022
-13.755475 22.093542 -35.877811
-13.952482 22.791517 -35.309834
-14.110087 23.349897 -34.855450
-14.086366 23.796602 -34.356007
-14.067388 24.153967 -33.956448
-14.651432 24.874222 -33.364925
-15.118668 25.450426 -32.891712
-15.642263 25.911390 -32.377201
-16.061140 26.280161 -31.965591
-16.546049 26.575176 -31.636307
-16.933977 26.811190 -31.372879
-16.944706 27.144789 -30.754322
-16.953287 27.411669 -30.259476
-17.109961 28.059536 -29.999538
-17.235296 28.577829 -29.791588
-17.485373 28.847677 -29.761166
-17.685434 29.063555 -29.736828
-17.845484 29.525835 -29.173607
-17.973522 29.895658 -28.723030
-17.926147 30.336306 -28.090694
-17.888247 30.688824 -27.584824
-18.007734 31.260414 -27.180126
-18.103323 31.717688 -26.856369
-18.179796 32.373081 -26.053616
-18.240974 32.897396 -25.411411
-18.439722 33.316845 -24.761711
-18.598721 33.652409 -24.241951
-18.426306 33.631279 -23.826141
-18.288374 33.614380 -23.493496
-18.477642 34.035221 -22.955502
-18.629055 34.371899 -22.525108
-18.450573 35.075603 -22.180794
-18.307789 35.638565 -21.905342
-18.493174 36.088936 -21.005291
-18.641483 36.449234 -20.285252
-18.909935 36.592686 -19.845158
-19.124697 36.707439 -19.493084
-19.296507 36.944038 -18.803612
-19.433954 37.133316 -18.252033
-19.693720 37.429523 -17.267021
-19.901533 37.666492 -16.479012
-19.917976 37.566490 -15.712666
-19.931131 37.486492 -15.099590
-19.941652 38.001640 -14.609127
-19.950071 38.413761 -14.216759
-19.956806 38.743458 -13.359116
-19.962194 39.007214 -12.673000
-19.816700 39.652588 -11.852230
-19.700302 40.168880 -11.195614
-19.756990 40.147556 -10.670322
-19.802341 40.130493 -10.250088
-19.688816 40.261631 -9.370152
-19.597998 40.366543 -8.666203
-19.675146 40.305687 -7.559292
-19.736866 40.256996 -6.673763
-19.486629 40.507622 -5.829407
-19.286440 40.708126 -5.153919
-19.425903 40.868526 -4.341656
-19.537470 40.996845 -3.691845
-19.626726 41.099503 -2.764183
-19.698132 41.181629 -2.022053
-19.905062 41.247330 -1.020535
-20.070606 41.299885 -0.219320
-20.203041 41.197147 0.965399
-20.308989 41.114956 1.913176
-20.393747 40.759624 3.079208
-20.461554 40.475361 4.012035
-20.965221 40.247948 5.166109
-21.368153 40.066021 6.089369
-21.540691 39.920475 7.235788
-21.678724 39.804043 8.152924
-21.789148 39.276531 8.886633
-21.877489 38.854523 9.473600
-22.247774 38.516911 10.486923
-22.544003 38.246826 11.297583
-22.181759 37.741180 12.489861
-21.891964 37.336662 13.443682
-21.959740 37.013050 14.614552
-22.013962 36.754158 15.551248
-21.757725 36.257473 16.844353
-21.552736 35.860119 17.878838
-21.688360 35.252663 18.978302
-21.796858 34.766697 19.857872
-21.584042 34.088348 21.105280
-21.413790 33.545666 22.103205
-21.277590 32.677162 23.037483
-21.168627 31.982353 23.784904
-21.231264 31.426510 24.654716
-21.281374 30.981833 25.350567
-21.471270 30.336514 26.315060
-21.623186 29.820259 27.086655
-21.445107 28.683315 27.839867
-21.302641 27.773760 28.442438
-21.038860 27.046114 29.196369
-20.827837 26.463999 29.799513
-20.808828 25.419153 30.417967
-20.793619 24.583277 30.912729
-20.332031 23.624998 31.716352
-19.962761 22.858376 32.359249
-19.667345 21.810715 33.145443
-19.431013 20.972584 33.774399
-19.391754 20.302080 34.413502
-19.360346 19.765676 34.924782
-19.185413 18.757401 35.469746
-19.045467 17.950781 35.905716
-18.633898 17.015907 36.390427
-18.304642 16.268009 36.778198
-18.340849 15.669690 37.088413
-18.369816 15.191034 37.336586
-18.243183 13.939382 37.942940
-18.141874 12.938060 38.428020
-17.611408 11.702637 38.952023
-17.187037 10.714300 39.371223
-17.147152 9.634052 39.706585
-17.115246 8.769854 39.974876
-17.089718 7.788918 40.053570
-17.069298 7.004169 40.116524
-17.352575 5.942005 40.438763
-17.579197 5.092277 40.696556
-17.311073 4.267707 40.902786
-17.096577 3.608050 41.067772
-16.924978 2.935534 41.063828
-16.787697 2.397520 41.060669
-16.677874 1.387958 41.330017
-16.590015 0.580310 41.545494
-16.369923 -0.500174 41.717876
-16.193848 -1.364562 41.855782
-16.202793 -1.911285 41.966106
-16.209951 -2.348663 42.054367
-15.916064 -3.277719 41.717163
-15.680953 -4.020963 41.447395
-15.492866 -5.049926 41.231586
-15.342395 -5.873093 41.058937
-15.671437 -6.965991 41.056755
-15.934672 -7.840309 41.055012
-15.845647 -8.684552 40.917679
-15.774427 -9.359948 40.807812
-15.567645 -10.189842 40.719917
-15.402219 -10.853756 40.649605
-15.719298 -11.819252 40.457413
-15.972961 -12.591651 40.303661
-16.175892 -13.354355 40.044724
-16.338236 -13.964520 39.837570
-16.168499 -15.321382 39.399975
-16.032709 -16.406870 39.049900
-15.624462 -17.564838 38.633900
-15.297866 -18.491209 38.301102
-14.886781 -19.377094 37.627048
-14.557915 -20.085802 37.087807
-14.444627 -21.231928 36.656414
-14.353997 -22.148827 36.311302
-14.431300 -23.316713 35.627396
-14.493142 -24.251022 35.080273
-14.542617 -25.143251 34.642574
-14.582195 -25.857035 34.292416
-14.314245 -26.138485 33.740414
-14.099886 -26.363644 33.298813
-14.228010 -26.978136 32.945530
-14.330510 -27.469730 32.662907
-14.112898 -28.152588 32.300869
-13.938808 -28.698874 32.011238
-13.949344 -29.570263 31.371721
-13.957771 -30.267378 30.860109
-13.515093 -31.114643 29.907068
-13.160950 -31.792456 29.144636
-12.877637 -32.479496 28.398752
-12.650984 -33.029121 27.802046
-12.769277 -33.758411 26.644993
-12.863911 -34.341831 25.719349
-12.490197 -34.808578 24.571024
-12.191226 -35.181973 23.652363
-11.952048 -36.059841 22.781496
-11.760708 -36.762135 22.084803
-11.457829 -37.613544 21.663385
-11.215526 -38.294678 21.326252
-11.171489 -38.694790 20.512794
-11.136259 -39.014881 19.862030
-10.808464 -39.126171 19.069542
-10.546227 -39.215199 18.435553
-10.785857 -39.865570 17.928360
-10.977561 -40.385868 17.522608
-11.130924 -40.802109 16.382380
-11.253615 -41.135094 15.470198
-11.201961 -41.691067 14.468576
-11.160638 -42.135845 13.667280
-11.577000 -42.346882 12.754368
-11.910089 -42.515705 12.024038
-12.326366 -42.795555 11.167900
-12.659389 -43.019428 10.482988
-12.326582 -43.198528 9.663185
-12.060334 -43.341816 9.007341
-12.146949 -43.456444 8.074854
-12.216242 -43.548145 7.328865
-12.421483 -43.621506 6.460197
-12.585675 -43.680195 5.765265
-12.717031 -43.727142 5.073380
-12.822113 -43.764706 4.519873
-13.205793 -43.939545 3.669254
-13.512738 -44.079411 2.988760
-13.608487 -43.612152 2.036551
-13.685084 -43.238346 1.274784
-13.596558 -43.084087 0.801308
-13.525736 -42.960682 0.422527
-13.618886 -42.861958 -0.424248
-13.693405 -42.782974 -1.101665
-13.753020 -42.864582 -1.643600
-13.800713 -42.929863 -2.077148
-13.838865 -42.837303 -2.559925
-13.869389 -42.763256 -2.946148
-14.193419 -42.848808 -3.662937
-14.452645 -42.917252 -4.236370
-14.660025 -42.827213 -4.695114
-14.825929 -42.755184 -5.062111
-14.808845 -42.552773 -5.763519
-14.795177 -42.390839 -6.324646
-14.934051 -42.261295 -6.909485
-15.045150 -42.157661 -7.377357
-15.134028 -42.074757 -7.887592
-15.205132 -42.008427 -8.295780
-15.112208 -41.810574 -8.894207
-15.037870 -41.652298 -9.372948
-15.128205 -41.380890 -9.891876
-15.200474 -41.163761 -10.307018
-15.258288 -41.134842 -10.911011
-15.304541 -41.111710 -11.394203
-14.892121 -40.803631 -12.324505
-14.562185 -40.557167 -13.068748
-14.448045 -40.215202 -13.936016
-14.356731 -39.941635 -14.629833
-14.283682 -39.577988 -15.864574
-14.225241 -39.287071 -16.852367
-14.178489 -38.909554 -17.778538
-14.141088 -38.607540 -18.519474
-13.961360 -38.076351 -19.520035
-13.817577 -37.651402 -20.320484
-13.552744 -37.166645 -21.368656
-13.340878 -36.778843 -22.207195
-13.171384 -36.179028 -23.149902
-13.035790 -35.699177 -23.904068
-12.477894 -35.170506 -24.915211
-12.031578 -34.747566 -25.724125
-11.974139 -33.974854 -26.915009
-11.928186 -33.356682 -27.867714
-11.442005 -32.717354 -28.629879
-11.053060 -32.205898 -29.239609
-11.041517 -31.507151 -30.271145
-11.032282 -30.948153 -31.096371
-11.024894 -30.356171 -31.892490
-11.018983 -29.882586 -32.529385
-11.014256 -29.358929 -33.310780
-11.010474 -28.940001 -33.935894
-11.007448 -28.315287 -34.300045
-11.005029 -27.815510 -34.591366
-11.003092 -27.560478 -34.824421
-11.001541 -27.356457 -35.010868
-10.700688 -26.903664 -35.295963
-10.460006 -26.541428 -35.524044
-10.267461 -26.106848 -35.842442
-10.113423 -25.759186 -36.097157
-9.990194 -25.625845 -36.572803
-9.891611 -25.519169 -36.953327
-9.812745 -24.709885 -36.985867
-9.749652 -24.062464 -37.011898
-9.549371 -23.544521 -37.440540
-9.389147 -23.130173 -37.783451
-9.560580 -22.074747 -38.465595
-9.697726 -21.230406 -39.011311
-9.657638 -20.120575 -39.583820
-9.625566 -19.232704 -40.041828
-9.300294 -18.667196 -40.272297
-9.040077 -18.214788 -40.456669
-9.431131 -17.852865 -40.332294
-9.743975 -17.563328 -40.232792
-9.544829 -17.186911 -40.561001
-9.385513 -16.885777 -40.823566
-9.258060 -15.920926 -41.169559
-9.156097 -15.149048 -41.446354
-8.924721 -14.531545 -41.531849
-8.739618 -14.037542 -41.600246
-8.741343 -13.063188 -42.062778
-8.742723 -12.283703 -42.432804
-8.444213 -11.370537 -42.592884
-8.205406 -10.640004 -42.720951
-7.864553 -9.766001 -42.823406
-7.591873 -9.066798 -42.905369
-7.523534 -8.073074 -43.242817
-7.468862 -7.278095 -43.512775
-7.574933 -6.352535 -43.728741
-7.659788 -5.612084 -43.901516
-7.727674 -4.150997 -44.039730
-7.781981 -2.982126 -44.150303
-7.825428 -2.047028 -44.102825
-7.860185 -1.298952 -44.064846
-7.438571 -0.121336 -43.762585
-7.101278 0.820756 -43.520771
-6.681637 2.587946 -43.599201
-6.345926 4.001701 -43.661945
-6.826389 5.567069 -43.576199
-7.210760 6.819362 -43.507603
-6.769224 8.110772 -43.180851
-6.415995 9.143900 -42.919453
-6.433024 10.115192 -42.438457
-6.446648 10.892225 -42.053661
-6.008127 11.948217 -41.609890
-5.657310 12.793012 -41.254871
-5.676270 14.192789 -40.834919
-5.691438 15.312610 -40.498951
-6.003185 16.498041 -40.094242
-6.252583 17.446388 -39.770473
-6.751715 18.494642 -38.967709
-7.151021 19.333246 -38.325497
-7.320659 20.438492 -37.947666
-7.456368 21.322689 -37.645405
-7.564936 22.319624 -37.267658
-7.651791 23.117172 -36.965458
-7.871082 23.899998 -36.179951
-8.046515 24.526258 -35.551540
-8.636281 25.316843 -35.048817
-9.108094 25.949312 -34.646633
-9.335738 26.600075 -34.053013
-9.517854 27.120686 -33.578114
-9.813353 27.681961 -32.926327
-10.049750 28.130981 -32.404892
-10.388677 29.069353 -31.987747
-10.659818 29.820049 -31.654030
-10.876729 30.420607 -30.979244
-11.050258 30.901051 -30.439415
-11.039276 31.430195 -29.599739
-11.030490 31.853512 -28.927998
-11.323075 32.481739 -28.254665
-11.557142 32.984325 -27.716000
-11.594589 33.675964 -27.149132
-11.624548 34.229279 -26.695637
-11.498707 35.106300 -25.653152
-11.398035 35.807915 -24.819168
-11.317497 36.513988 -23.744167
-11.253066 37.078850 -22.884167
-11.650942 37.385956 -21.924290
-11.969242 37.631638 -21.156387
-12.223884 38.117760 -19.862381
-12.427597 38.506653 -18.827175
-13.039986 38.817772 -17.455257
-13.529898 39.066669 -16.357723
-13.172794 39.844936 -15.071884
-12.887111 40.467552 -14.043213
-12.958179 40.965641 -13.084339
-13.015033 41.364117 -12.317242
-13.060516 41.538105 -11.023876
-13.096903 41.677303 -9.989182
-13.425625 41.933445 -8.753613
-13.688601 42.138355 -7.765160
-13.599372 42.447075 -6.702522
-13.527987 42.694050 -5.852413
-13.770493 42.602055 -4.764511
-13.964497 42.528458 -3.894192
-14.119700 42.324795 -3.061996
-14.243863 42.161858 -2.396240
-14.193387 42.321091 -1.727699
-14.153005 42.448475 -1.192867
-14.270507 42.550381 -0.629063
-14.364508 42.631905 -0.178019
-13.990290 42.841919 0.590630
-13.690914 43.009922 1.205547
-13.451414 43.144329 1.561544
-13.259813 43.251854 1.846342
-13.406148 43.193089 2.617929
-13.523214 43.146069 3.235199
-13.616868 43.108459 4.136827
-13.691790 43.078373 4.858131
-14.051342 42.764721 5.571112
-14.338984 42.513802 6.141495
-14.868710 42.602646 6.733740
-15.292491 42.673717 7.207535
-15.481709 42.296211 7.858446
-15.633084 41.994205 8.379175
-15.604375 42.042179 8.795759
-15.581409 42.080555 9.129026
-15.862650 41.821682 9.939390
-16.087643 41.614586 10.587681
-16.117830 41.304115 11.106314
-16.141981 41.055740 11.521219
-16.161301 41.146618 12.260956
-16.176758 41.219322 12.852745
-16.189121 40.408752 13.598053
-16.199013 39.760300 14.194298
-16.057119 39.531113 14.807232
-15.943604 39.347763 15.297579
-15.702987 39.056297 15.961732
-15.510492 38.823120 16.493053
-15.206689 38.636581 17.054050
-14.963647 38.487347 17.502846
-15.068828 38.078388 18.405632
-15.152972 37.751217 19.127861
-15.070479 37.344696 19.841583
-15.004486 37.019474 20.412560
-15.251306 36.324932 21.684967
-15.448759 35.769302 22.702892
-15.456918 35.180008 23.517233
-15.463444 34.708572 24.168705
-15.618470 34.041851 24.689882
-15.742493 33.508465 25.106825
-16.141323 32.647400 25.848190
-16.460388 31.958546 26.441284
-16.565832 31.117886 27.459509
-16.650188 30.445358 28.274088
-17.017286 29.617760 29.197626
-17.310965 28.955681 29.936457
-17.396101 27.846863 30.663460
-17.464209 26.959810 31.245062
-17.368889 25.815802 32.118156
-17.292635 24.900597 32.816631
-17.531244 23.444490 33.647285
-17.722132 22.279604 34.311810
-18.174456 21.202908 35.115303
-18.536314 20.341551 35.758099
-18.675993 19.218100 36.136398
-18.787737 18.319342 36.439037
-18.877132 17.021179 37.224899
-18.948648 15.982651 37.853588
-19.155668 14.717463 38.356537
-19.321285 13.705312 38.758900
-19.453777 12.171651 38.944851
-19.559772 10.944720 39.093613
-19.494761 9.673602 39.484497
-19.442751 8.656706 39.797203
-19.101532 7.119247 40.047371
-18.828554 5.889282 40.247501
-19.059593 4.036577 40.407608
-19.244423 2.554414 40.535690
-19.242481 1.079109 40.774097
-19.240929 -0.101136 40.964821
-19.539299 -1.624483 40.573650
-19.777996 -2.843162 40.260715
-19.819145 -4.252471 39.874428
-19.852066 -5.379918 39.565399
-20.028210 -6.716240 39.182236
-20.169125 -7.785300 38.875710
-20.431664 -9.219696 38.766422
-20.641693 -10.367217 38.678993
-20.809717 -11.719598 38.337177
-20.944139 -12.801500 38.063721
-20.602255 -14.246175 37.573086
-20.328747 -15.401916 37.180573
-20.559359 -16.471298 36.594688
-20.743851 -17.326803 36.125984
-20.591831 -18.300783 35.479141
-20.470215 -19.079969 34.961670
-20.822340 -19.992895 34.547691
-21.104042 -20.723230 34.216511
-21.029791 -21.741863 33.679688
-20.970388 -22.556774 33.250233
-20.922867 -23.353487 32.498856
-20.884850 -23.990860 31.897753
-20.704628 -24.645548 31.416870
-20.560453 -25.169300 31.032166
-20.445112 -25.877872 30.316589
-20.352840 -26.444736 29.744127
-20.279022 -27.622168 29.150221
-20.219967 -28.564114 28.675095
-20.172722 -29.607243 28.023119
-20.134930 -30.441748 27.501539
-19.655270 -31.398930 26.404587
-19.271547 -32.164677 25.527025
-19.264181 -33.066853 24.553102
-19.258289 -33.788589 23.773964
-19.103769 -34.510765 22.878777
-18.980150 -35.088505 22.162628
-18.731451 -35.261127 21.453770
-18.532490 -35.399220 20.886684
-18.073709 -36.088848 20.297079
-17.706684 -36.640545 19.825394
-17.263256 -37.226696 19.040234
-16.908514 -37.695618 18.412106
-16.774527 -38.505112 17.637730
-16.667337 -39.152714 17.018227
-16.132166 -39.236431 16.114811
-15.704029 -39.303410 15.392080
-15.810939 -39.356991 14.542021
-15.896466 -39.399849 13.861973
-15.815082 -39.723717 13.046059
-15.749974 -39.982807 12.393328
-15.548082 -40.479660 11.735205
-15.386568 -40.877140 11.208708
-14.957743 -41.339912 10.379698
-14.614683 -41.710133 9.716490
-14.040622 -41.716728 8.914047
-13.581373 -41.722012 8.272093
-13.663394 -42.015808 7.350718
-13.729012 -42.250854 6.613617
-13.332086 -42.438885 5.888000
-13.014544 -42.589310 5.307507
-12.910319 -42.854439 4.707174
-12.826939 -43.066536 4.226908
-12.910041 -43.236217 3.706757
-12.976522 -43.371964 3.290636
-12.879900 -43.335770 2.142115
-12.802603 -43.306820 1.223297
-12.441152 -43.573235 0.760118
-12.151990 -43.786366 0.389576
-12.519889 -43.812084 -0.178734
-12.814207 -43.832653 -0.633381
-12.300629 -43.849110 -1.540848
-11.889765 -43.862282 -2.266823
-12.160302 -43.438450 -2.983540
-12.376731 -43.099388 -3.556911
-11.950646 -42.972919 -4.559361
-11.609779 -42.871746 -5.361320
-11.486894 -42.790810 -5.866951
-11.388583 -42.726063 -6.271454
-11.309935 -42.674267 -7.546619
-11.247018 -42.632824 -8.566753
-11.346491 -42.599674 -9.382858
-11.426067 -42.573154 -10.035744
-11.339923 -42.407143 -10.829926
-11.271008 -42.274342 -11.465271
-11.365682 -42.023304 -12.109486
-11.441420 -41.822483 -12.624859
-11.202399 -41.517036 -13.173092
-11.011183 -41.272675 -13.611679
-10.858209 -41.077190 -14.370361
-10.735830 -40.920795 -14.977306
-11.237153 -40.650902 -15.870678
-11.638212 -40.434978 -16.585373
-11.959059 -40.117455 -17.429005
-12.215736 -39.863434 -18.103909
-12.570885 -39.225857 -19.051647
-12.855003 -38.715794 -19.809837
-13.232104 -38.018169 -20.552326
-13.533787 -37.460060 -21.146317
-13.775131 -36.868786 -22.301197
-13.968207 -36.395771 -23.225101
-14.422282 -35.727776 -24.236099
-14.785542 -35.193386 -25.044899
-14.476924 -34.331509 -25.963814
-14.230027 -33.642006 -26.698944
-14.182319 -32.511250 -27.830799
-14.144152 -31.606647 -28.736282
-14.263424 -31.172541 -29.324734
-14.358841 -30.825256 -29.795494
-14.435175 -30.257856 -30.715851
-14.496243 -29.803936 -31.452137
-14.395291 -29.151218 -32.177105
-14.314529 -28.629042 -32.757076
-13.950306 -27.921730 -32.949177
-13.658928 -27.355875 -33.102863
-13.575631 -26.468830 -33.497684
-13.508993 -25.759193 -33.813541
-13.305879 -25.191486 -34.338100
-13.143385 -24.737320 -34.757748
-13.313004 -24.518774 -35.229404
-13.448699 -24.343937 -35.606731
-13.856868 -23.769705 -35.908588
-14.183404 -23.310312 -36.150074
-14.145020 -22.942804 -36.479206
-14.114312 -22.648800 -36.742512
-13.939939 -22.268806 -36.953152
-13.800441 -21.964808 -37.121662
-13.988455 -22.011190 -37.120533
-14.138867 -22.048298 -37.119633
-14.259195 -21.643612 -37.390789
-14.355458 -21.319862 -37.607716
-14.282661 -20.916075 -37.645313
-14.224425 -20.593050 -37.675396
-14.477450 -20.189838 -37.835400
-14.679869 -19.867271 -37.963398
-14.991611 -19.319637 -38.065800
-15.241003 -18.881535 -38.147724
-15.140904 -18.241476 -38.349201
-15.060826 -17.729427 -38.510380
-14.996763 -17.030212 -38.639324
-14.945513 -16.470840 -38.742481
-14.904513 -15.878555 -39.096882
-14.871713 -15.404725 -39.380398
-14.845473 -14.446507 -39.607212
-14.824482 -13.679934 -39.788662
-14.807688 -12.921887 -39.933826
-14.794253 -12.315450 -40.049953
-14.933311 -11.540727 -40.278797
-15.044559 -10.920946 -40.461872
-15.133555 -9.845967 -40.472393
-15.204753 -8.985985 -40.480808
-15.561326 -7.863635 -40.623478
-15.846584 -6.965754 -40.737614
-15.924984 -5.957875 -40.828922
-15.987704 -5.151570 -40.901974
-16.037880 -4.072162 -41.096348
-16.078020 -3.208633 -41.251850
-15.960325 -2.373024 -41.240314
-15.866169 -1.704536 -41.231083
-15.940652 -0.735379 -41.223698
-16.000237 0.039944 -41.217793
-16.197712 0.949780 -41.077129
-16.355692 1.677648 -40.964596
-16.631882 2.839095 -40.602695
-16.852837 3.768254 -40.313175
-17.179403 4.656369 -40.217495
-17.440660 5.366862 -40.140957
-17.649664 6.369622 -40.079723
-17.816866 7.171829 -40.030735
-18.100437 7.958383 -39.855610
-18.327291 8.587625 -39.715504
-18.658583 9.380594 -39.467487
-18.923616 10.014971 -39.269070
-19.135643 10.956839 -38.838459
-19.305264 11.710329 -38.493977
-19.440960 12.892276 -37.810574
-19.549519 13.837836 -37.263851
-19.636364 15.028646 -36.690540
-19.705839 15.981293 -36.231892
-20.061035 16.888199 -36.000904
-20.345192 17.613728 -35.816120
-19.973288 18.918089 -34.988605
-19.675768 19.961580 -34.326588
-19.737362 20.796370 -33.661037
-19.786640 21.464205 -33.128597
-20.125675 22.432837 -32.294834
-20.396904 23.207741 -31.627823
-20.464079 24.262030 -30.550465
-20.517820 25.105461 -29.688580
-20.710619 26.069782 -28.591259
-20.864859 26.841240 -27.713402
-20.988251 28.037558 -26.739239
-21.086964 28.994614 -25.959911
-21.165934 29.760258 -25.200512
-21.229111 30.372774 -24.592991
-21.429459 31.152361 -23.699162
-21.589735 31.776033 -22.984100
-21.568150 32.419758 -22.276112
-21.550884 32.934738 -21.709721
-21.387264 33.491508 -21.120670
-21.256369 33.936928 -20.649429
-21.301458 34.293262 -19.456814
-21.337530 34.578331 -18.502720
-21.516193 35.385532 -17.331631
-21.659124 36.031300 -16.394760
-21.174242 36.692703 -14.829639
-20.786337 37.221821 -13.577541
-20.925434 37.500332 -11.896175
-21.036709 37.723137 -10.551083
-20.975924 38.335747 -8.659386
-20.927294 38.825836 -7.146027
-20.888391 39.507484 -5.255653
-20.857271 40.052799 -3.743355
-20.532759 40.054691 -2.125702
-20.273149 40.056198 -0.831581
-20.065462 39.912621 0.747467
-19.899313 39.797756 2.010704
-19.916201 39.561077 3.565044
-19.929708 39.371735 4.808517
-19.940517 39.365047 6.482983
-19.949162 39.359699 7.822556
-20.105886 39.210632 9.302025
-20.231266 39.091377 10.485601
-20.331570 38.416824 12.248087
-20.411812 37.877178 13.658075
-20.326199 37.155884 15.465754
-20.257708 36.578854 16.911896
-20.053108 35.972435 18.340687
-19.889431 35.487305 19.483717
-19.758488 34.809620 20.670017
-19.653734 34.267475 21.619057
-19.719736 33.833755 23.057978
-19.772539 33.486786 24.209114
-19.814781 32.485264 25.265959
-19.848574 31.684048 26.111435
-19.426188 30.463923 27.331568
-19.088280 29.487822 28.307673
-19.267374 28.272575 29.224495
-19.410648 27.300381 29.957951
-19.225655 26.233047 31.088467
-19.077662 25.379181 31.992880
-19.258879 24.406511 33.124222
-19.403852 23.628374 34.029297
-19.220221 22.716290 34.889294
-19.073313 21.986620 35.577290
-19.105593 20.968521 35.855812
-19.131418 20.154041 36.078632
-19.002272 18.344152 36.664700
-18.898954 16.896240 37.133553
-18.966106 15.448336 37.508636
-19.019827 14.290011 37.808704
-19.212612 12.928988 38.592506
-19.366840 11.840170 39.219547
-19.040802 10.534746 39.721184
-18.779972 9.490412 40.122490
-19.020727 7.786214 40.307598
-19.213331 6.422854 40.455685
-19.067802 5.042592 40.574154
-18.951378 3.938380 40.668930
-19.157850 1.896704 40.608810
-19.323030 0.263366 40.560719
-19.005754 -1.477674 40.522243
-18.751934 -2.870503 40.491463
-18.548876 -4.853498 40.330902
-18.386431 -6.439894 40.202454
-18.406281 -7.853798 39.963757
-18.422161 -8.984921 39.772797
-18.285057 -10.758547 39.348156
-18.175375 -12.177448 39.008446
-18.237436 -13.602146 38.600739
-18.287085 -14.741907 38.274570
-18.326805 -15.943290 37.877701
-18.358580 -16.904396 37.560204
-18.234194 -17.818071 37.442146
-18.134684 -18.549013 37.347698
-18.055077 -19.423344 36.728390
-17.991392 -20.122807 36.232941
-17.640829 -21.116739 35.700645
-17.360380 -21.911884 35.274811
-17.136019 -22.837578 34.798206
-16.956532 -23.578135 34.416920
-16.962748 -24.025791 33.704079
-16.967722 -24.383913 33.133808
-16.821894 -25.394358 32.405716
-16.705231 -26.202711 31.823240
-16.312288 -27.138968 31.221323
-15.997932 -27.887972 30.739790
-16.495481 -28.921541 29.946751
-16.893522 -29.748402 29.312319
-16.762535 -30.554676 28.396961
-16.657743 -31.199692 27.664675
-16.424105 -31.860497 26.671034
-16.237194 -32.389133 25.876122
-16.087664 -33.535992 24.968315
-15.968040 -34.453476 24.242071
-15.722533 -35.477043 22.981388
-15.526130 -36.295895 21.972841
-15.518813 -37.240551 20.214441
-15.512959 -37.996281 18.807720
-15.807891 -38.456074 17.546408
-16.043835 -38.823906 16.537357
-16.232592 -39.262962 15.186367
-16.383596 -39.614204 14.105576
-16.054979 -40.184772 13.240942
-15.792087 -40.641232 12.549234
-15.581773 -41.151188 11.316181
-15.413521 -41.559155 10.329739
-15.278918 -42.175102 8.996834
-15.171237 -42.667858 7.930511
-15.085091 -42.917278 6.669640
-15.016175 -43.116814 5.660942
-14.661429 -43.276440 4.582109
-14.377632 -43.404144 3.719044
-14.300402 -43.361519 2.620779
-14.238619 -43.327415 1.742167
-14.189191 -43.155346 1.039276
-14.149649 -43.017689 0.476965
-14.267820 -43.052349 -0.516636
-14.362358 -43.080086 -1.311516
-14.587795 -43.247055 -1.811481
-14.768146 -43.380630 -2.211452
-15.062232 -43.487499 -2.803307
-15.297502 -43.572990 -3.276791
-15.186104 -43.496593 -4.063389
-15.096986 -43.435478 -4.692669
-14.726077 -43.241798 -5.603905
-14.429352 -43.086849 -6.332893
-14.042164 -42.818104 -7.052021
-13.732413 -42.603104 -7.627323
-13.634419 -42.720688 -8.359440
-13.556026 -42.814754 -8.945133
-12.744276 -42.890007 -9.821503
-12.094875 -42.950207 -10.522598
-12.174582 -42.998371 -11.491283
-12.238349 -43.036896 -12.266232
-11.690135 -43.067719 -13.429943
-11.251563 -43.092381 -14.360912
-10.750898 -42.677742 -15.241623
-10.350368 -42.346031 -15.946194
-10.629170 -42.225452 -16.781723
-10.852212 -42.128983 -17.450150
-10.880839 -42.051804 -17.848949
-10.903741 -41.990070 -18.167992
-10.772256 -41.651100 -18.287289
-10.667068 -41.379929 -18.382725
-10.582916 -41.597355 -18.187199
-10.515596 -41.771294 -18.030777
-10.461740 -41.620872 -18.449390
-10.418653 -41.500538 -18.784283
-10.384184 -41.693840 -18.916256
-10.356609 -41.848484 -19.021835
-10.184743 -41.827408 -19.242237
-10.047249 -41.810551 -19.418560
-10.236869 -41.362698 -19.559616
-10.388563 -41.004421 -19.672462
-10.509919 -40.428215 -20.170551
-10.607005 -39.967255 -20.569023
-10.834480 -39.743279 -21.159676
-11.016459 -39.564091 -21.632198
-11.311851 -39.420742 -22.146152
-11.548163 -39.306065 -22.557316
-11.437600 -38.924751 -23.158123
-11.349148 -38.619694 -23.638767
-11.428194 -37.941284 -24.567032
-11.491430 -37.398552 -25.309647
-11.392214 -36.530006 -26.447487
-11.312840 -35.835171 -27.357758
-11.399149 -35.279301 -28.629726
-11.468194 -34.834610 -29.647301
-11.223818 -33.610126 -30.869171
-11.028316 -32.630539 -31.846668
-11.021722 -31.702078 -32.492725
-11.016447 -30.959312 -33.009571
-11.162034 -29.206791 -34.102741
-11.278503 -27.804775 -34.977276
-11.221871 -26.683161 -35.676899
-11.176566 -25.785872 -36.236599
-11.589742 -23.909735 -37.092175
-11.920282 -22.408823 -37.776630
-12.184715 -21.208094 -38.188259
-12.396261 -20.247507 -38.517567
-12.715305 -18.899891 -39.052883
-12.970540 -17.821795 -39.481136
-13.174728 -16.524952 -39.823742
-13.338079 -15.487477 -40.097828
-13.468760 -14.512712 -40.453030
-13.573304 -13.732897 -40.737194
-13.956553 -12.674683 -40.964527
-14.263151 -11.828111 -41.146389
-14.508430 -10.716487 -41.155941
-14.704654 -9.827189 -41.163586
-14.861632 -8.247020 -41.441578
-14.987215 -6.982884 -41.663967
-15.087682 -5.682001 -41.705944
-15.168055 -4.641295 -41.739521
-15.232354 -3.229578 -41.494511
-15.283792 -2.100205 -41.298504
-15.474751 -1.051917 -41.549511
-15.627517 -0.213286 -41.750317
-15.749730 1.036773 -41.503147
-15.847501 2.036818 -41.305408
-16.375135 3.126432 -41.147221
-16.797245 3.998123 -41.020672
-16.835320 5.419416 -40.783497
-16.865778 6.556450 -40.593754
-17.189758 7.900445 -40.034145
-17.448944 8.975640 -39.586460
-17.206871 10.270160 -39.364246
-17.013212 11.305778 -39.186481
-17.157898 12.713425 -38.908329
-17.273649 13.839542 -38.685810
-17.216442 15.174801 -38.371853
-17.170675 16.243008 -38.120686
-17.134062 17.676723 -37.376003
-17.104773 18.823698 -36.780262
-17.231148 20.320433 -35.895855
-17.332249 21.517818 -35.188328
-16.963707 22.765305 -34.350430
-16.668875 23.763292 -33.680111
-16.732624 24.851259 -32.871983
-16.783621 25.721634 -32.225479
-16.674614 26.707510 -31.436401
-16.587406 27.496208 -30.805141
-16.667448 28.271957 -29.892319
-16.731482 28.892555 -29.162064
-16.932514 29.678610 -28.441921
-17.093340 30.307455 -27.865807
-17.072193 31.100107 -27.133038
-17.055279 31.734230 -26.546825
-17.491165 32.241524 -25.805981
-17.839876 32.647366 -25.213303
-18.268650 32.972034 -24.467285
-18.611671 33.231770 -23.870472
-19.035892 33.439560 -22.985210
-19.375271 33.605793 -22.277000
-19.496965 34.317928 -21.302620
-19.594322 34.887642 -20.523113
-19.672209 35.343407 -20.035446
-19.734516 35.708023 -19.645313
-19.934168 35.854927 -19.197269
-20.093891 35.972446 -18.838833
-20.071863 36.211254 -18.280209
-20.054239 36.402298 -17.833309
-20.189949 36.844715 -16.932041
-20.298515 37.198643 -16.211029
-20.085754 37.481785 -15.362343
-19.915546 37.708302 -14.683392
-19.929188 38.179089 -13.868359
-19.940100 38.555725 -13.216331
-20.098635 38.422661 -12.694710
-20.225466 38.316212 -12.277412
-20.177122 38.665421 -11.399826
-20.138449 38.944786 -10.697754
-20.107506 39.168278 -9.864223
-20.082754 39.347069 -9.197399
-19.913147 39.634895 -8.528000
-19.777460 39.865150 -7.992481
-20.118332 40.194145 -6.748440
-20.391027 40.457344 -5.753208
-20.609186 40.523113 -4.685146
-20.783710 40.575726 -3.830700
-20.923332 40.762608 -2.603394
-21.035028 40.912109 -1.621548
-20.674967 40.597351 -0.564194
-20.386915 40.345543 0.281689
-20.605896 40.578457 1.230268
-20.781080 40.764793 1.989134
-20.771420 40.479492 2.732162
-20.763693 40.251255 3.326586
-20.757511 40.503033 4.889626
-20.752565 40.704453 6.140057
-20.748608 40.431221 7.140402
-20.745443 40.212635 7.940678
-20.593102 39.748192 9.124649
-20.471231 39.376640 10.071825
-20.373735 39.079399 11.237379
-20.295736 38.841602 12.169823
-20.233339 38.651367 12.915777
-20.183422 38.499180 13.512541
-19.993681 38.232635 14.533701
-19.841887 38.019409 15.350630
-19.720453 37.704033 16.140110
-19.623304 37.451733 16.771694
-19.545588 37.249897 17.548836
-19.483414 37.088425 18.170551
-19.583479 36.524879 19.075733
-19.663532 36.074047 19.799881
-19.577770 35.423805 21.058886
-19.509157 34.903610 22.066090
-19.753883 34.197880 23.007790
-19.949663 33.633293 23.761150
-20.106287 32.747261 24.635715
-20.231586 32.038433 25.335365
-20.631439 30.892220 26.031023
-20.951319 29.975248 26.587551
-21.207228 28.952095 27.304646
-21.411951 28.133572 27.878323
-21.725536 26.754810 28.745077
-21.976406 25.651804 29.438480
-21.877489 24.769396 30.129141
-21.798355 24.063471 30.681669
-21.884851 22.774790 31.667440
-21.954052 21.743845 32.456059
-22.309025 20.484724 32.815079
-22.593004 19.477428 33.102295
-22.969992 18.382015 33.739880
-23.271584 17.505684 34.249947
-23.363050 16.225468 34.793938
-23.436224 15.201293 35.229134
-23.794376 14.092378 35.713226
-24.080898 13.205244 36.100498
-23.860695 11.916384 36.682194
-23.684532 10.885298 37.147549
-23.843216 9.481273 37.247955
-23.970161 8.358055 37.328285
-23.622299 7.025114 37.936295
-23.344009 5.958762 38.422707
-23.570797 4.671316 38.675896
-23.752228 3.641361 38.878448
-23.447952 2.817397 39.312363
-23.204533 2.158225 39.659500
-23.459217 1.051732 39.257519
-23.662962 0.166537 38.935932
-23.975765 -1.265558 38.950539
-24.226011 -2.411234 38.962227
-23.976786 -3.617354 38.835636
-23.777405 -4.582247 38.734367
-23.617901 -5.788528 38.517410
-23.490295 -6.753551 38.343849
-23.088600 -8.104723 38.340935
-22.767244 -9.185660 38.338604
-22.659966 -10.195198 37.928925
-22.574141 -11.002828 37.601185
-22.056063 -12.083295 37.610867
-21.641600 -12.947671 37.618610
-21.609644 -14.073537 37.352932
-21.584078 -14.974232 37.140388
-21.563625 -16.129152 36.562542
-21.547262 -17.053089 36.100266
-21.683979 -17.647448 35.594505
-21.793354 -18.122936 35.189899
-22.180466 -18.792900 34.866211
-22.490156 -19.328875 34.607265
-22.288488 -20.192015 34.128231
-22.127153 -20.882532 33.745003
-22.147892 -21.724516 33.302483
-22.164484 -22.398104 32.948467
-21.878143 -23.226555 32.121506
-21.649073 -23.889315 31.459936
-21.615620 -24.564312 30.930679
-21.588860 -25.104309 30.507275
-21.267838 -25.970671 30.168550
-21.011021 -26.663757 29.897572
-20.955372 -27.507807 29.408913
-20.910854 -28.183043 29.017986
-20.575626 -28.868019 28.025558
-20.307444 -29.416006 27.231615
-20.392511 -30.433544 26.460524
-20.460567 -31.247572 25.843651
-20.664816 -31.754009 25.214214
-20.828217 -32.159161 24.710665
-21.108742 -32.772854 23.628138
-21.333162 -33.263813 22.762115
-21.063280 -33.801373 21.933361
-20.847374 -34.231419 21.270359
-20.524843 -34.865032 20.468081
-20.266817 -35.371918 19.826258
-19.910589 -36.067005 18.904987
-19.625608 -36.623074 18.167971
-19.098009 -37.357506 17.034607
-18.675930 -37.945049 16.127916
-18.488073 -38.270298 15.266626
-18.337788 -38.530499 14.577595
-18.067751 -39.173027 13.754494
-17.851725 -39.687042 13.096014
-17.529095 -39.953472 12.161417
-17.270992 -40.166611 11.413740
-17.064510 -40.626705 10.271849
-16.899324 -40.994774 9.358335
-16.916983 -41.434017 8.491587
-16.931108 -41.785416 7.798187
-16.492989 -41.921745 6.699718
-16.142494 -42.030807 5.820944
-15.562484 -42.262848 4.302298
-15.098477 -42.448483 3.087381
-14.877077 -42.452194 2.251387
-14.699958 -42.455166 1.582590
-14.258649 -42.312756 0.639740
-13.905601 -42.198826 -0.114540
-13.772969 -42.542053 -0.853901
-13.666864 -42.816628 -1.445389
-12.982754 -42.746712 -2.190456
-12.435466 -42.690784 -2.786510
-11.997636 -43.080410 -3.535229
-11.647371 -43.392109 -4.134201
-11.217354 -43.207096 -5.021191
-10.873340 -43.059090 -5.730785
-10.897740 -42.940685 -6.434399
-10.917261 -42.845955 -6.997288
-10.932878 -42.625393 -7.991348
-10.945373 -42.448940 -8.786598
-10.805560 -42.452564 -9.558735
-10.693711 -42.455467 -10.176445
-10.604231 -42.313000 -11.214363
-10.532648 -42.199024 -12.044697
-10.475381 -42.252636 -12.708965
-10.429568 -42.295517 -13.240379
-10.542724 -42.040249 -14.073322
-10.633248 -41.836040 -14.739677
-10.705667 -41.383095 -15.408699
-10.763602 -41.020733 -15.943916
-10.660145 -40.730850 -16.643963
-10.577378 -40.498943 -17.204002
-10.511165 -40.313412 -17.923908
-10.458194 -40.164989 -18.499832
-10.565623 -39.756676 -18.960571
-10.651568 -39.430027 -19.329163
-11.019937 -38.734341 -20.031849
-11.314632 -38.177792 -20.593998
-11.550388 -37.732555 -21.043716
-11.738994 -37.376366 -21.403492
-11.889877 -37.236202 -22.371002
-12.010585 -37.124069 -23.145008
-12.256957 -36.599995 -23.764214
-12.454056 -36.180737 -24.259579
-12.761540 -35.845329 -25.063683
-13.007528 -35.577003 -25.706966
-13.054512 -34.927982 -26.357529
-13.092100 -34.408764 -26.877979
-13.421783 -33.703808 -27.566216
-13.685530 -33.139843 -28.116806
-13.596913 -32.399097 -28.829151
-13.526021 -31.806499 -29.399029
-13.619114 -31.187634 -30.126804
-13.693586 -30.692539 -30.709026
-13.453551 -30.006893 -31.582615
-13.261524 -29.458368 -32.281487
-13.407516 -29.309132 -32.704647
-13.524308 -29.189743 -33.043171
-13.617742 -28.515076 -33.449932
-13.692489 -27.975340 -33.775341
-13.752287 -26.819614 -34.443478
-13.800126 -25.895031 -34.977985
-13.688590 -25.010582 -35.541531
-13.599361 -24.303017 -35.992367
-13.378173 -23.881756 -36.081165
-13.201221 -23.544748 -36.152203
-13.209465 -22.840778 -36.616840
-13.216061 -22.277596 -36.988552
-13.221337 -21.827055 -37.421864
-13.225560 -21.466616 -37.768513
-13.378744 -20.599119 -38.181767
-13.501290 -19.905119 -38.512371
-14.048749 -19.205128 -38.640919
-14.486715 -18.645136 -38.743755
-14.387670 -18.052355 -38.826023
-14.308432 -17.578131 -38.891834
-14.245041 -16.619596 -39.080425
-14.194329 -15.852771 -39.231297
-14.003952 -14.804944 -39.759808
-13.851650 -13.966683 -40.182613
-14.029422 -12.861712 -40.520863
-14.171639 -11.977734 -40.791462
-14.135608 -10.980975 -41.143879
-14.106782 -10.183569 -41.425808
-14.233528 -9.545641 -41.787289
-14.334926 -9.035300 -42.076473
-14.565849 -7.903086 -41.900013
-14.750588 -6.997315 -41.758846
-15.197992 -5.838336 -41.781849
-15.555917 -4.911151 -41.800251
-15.692450 -4.024612 -41.950909
-15.801675 -3.315384 -42.071430
-15.739250 -2.313637 -42.031910
-15.689308 -1.512239 -42.000294
-15.948969 -0.291968 -41.703129
-16.156698 0.684251 -41.465397
-16.472689 2.189168 -41.275211
-16.725479 3.393100 -41.123066
-17.077518 4.935399 -40.865414
-17.359152 6.169238 -40.659290
-17.584457 7.445885 -40.630329
-17.764702 8.467202 -40.607159
-17.759090 9.863409 -40.180805
-17.754602 10.980376 -39.839725
-17.900818 12.308313 -39.430927
-18.017792 13.370666 -39.103886
-18.111370 14.510123 -38.434437
-18.186234 15.421688 -37.898884
-18.395929 16.440517 -37.198566
-18.563686 17.255579 -36.638309
-18.697891 18.486782 -36.190105
-18.805256 19.471745 -35.831539
-18.891148 20.838867 -35.408749
-18.959862 21.932568 -35.070515
-18.865026 22.952314 -34.120243
-18.789158 23.768112 -33.360027
-18.878269 25.144691 -32.344040
-18.949558 26.245955 -31.531250
-19.006590 27.271755 -30.473206
-19.052216 28.092394 -29.626770
-18.938910 29.183270 -28.269936
-18.848263 30.055971 -27.184467
-18.775747 31.043709 -25.908279
-18.717735 31.833900 -24.887329
-18.821131 32.755627 -23.662758
-18.903847 33.493011 -22.683102
-18.970022 34.662067 -21.355625
-19.022961 35.597313 -20.293644
-18.915504 36.490299 -19.036247
-18.829538 37.204689 -18.030331
-18.461155 37.920990 -17.089661
-18.166447 38.494026 -16.337124
-17.780874 38.952461 -15.055405
-17.472416 39.319210 -14.030029
-17.824877 39.467815 -13.345669
-18.106846 39.586700 -12.798180
-17.882999 39.971386 -11.816437
-17.703922 40.279133 -11.031044
-17.710466 40.959698 -9.723042
-17.715704 41.504147 -8.676640
-17.120665 41.650135 -7.431705
-16.644634 41.766918 -6.435760
-16.263811 42.005138 -5.367126
-15.959150 42.195713 -4.512218
-15.865229 42.348171 -3.692356
-15.790092 42.470142 -3.036465
-15.280562 42.857288 -2.103939
-14.872940 43.167011 -1.357922
-14.397035 43.125210 -0.353294
-14.016310 43.091770 0.450409
-13.561924 42.920231 1.365246
-13.198414 42.782997 2.097115
-12.907607 42.818001 3.362297
-12.674960 42.846004 4.374443
-12.039424 43.013195 5.456036
-11.530995 43.146946 6.321310
-11.274060 43.109158 7.693216
-11.068510 43.078930 8.790741
-10.604457 42.765167 10.212511
-10.233215 42.514160 11.349928
-9.486801 42.313354 12.395798
-8.889669 42.152710 13.232494
-8.411965 41.879402 14.445602
-8.029800 41.660763 15.416088
-7.574262 41.051479 16.464352
-7.209832 40.564056 17.302963
-6.618673 39.884544 18.653538
-6.145747 39.340931 19.733999
-5.467793 38.761250 20.598368
-4.925430 38.297508 21.289864
-4.491539 37.636936 22.114933
-4.144427 37.108486 22.774990
-3.567124 36.396141 23.982723
-3.105281 35.826267 24.948910
-2.436194 34.936001 25.721859
-1.900925 34.223793 26.340219
-1.472709 33.364449 27.378656
-1.130138 32.676971 28.209406
-0.706271 31.982203 29.281818
-0.367178 31.426388 30.139750
0.053902 30.547369 30.962030
0.390768 29.844154 31.619856
1.109681 28.702431 32.553928
1.684809 27.789051 33.301186
2.144913 27.058348 33.763054
2.512997 26.473787 34.132549
2.807462 25.426985 34.971897
3.043034 24.589542 35.643372
3.381298 23.340433 36.180553
3.651908 22.341150 36.610298
3.868397 20.817781 37.225971
4.041591 19.599085 37.718510
4.329952 18.479340 38.520351
4.560640 17.583544 39.161823
4.894998 16.287754 39.810940
5.162484 15.251122 40.330235
5.676087 13.842664 40.745667
6.086966 12.715895 41.078018
6.265865 11.090541 41.479832
6.408983 9.790257 41.801285
6.373673 8.460452 42.194382
6.345422 7.396610 42.508865
6.322823 6.111171 42.896385
6.304743 5.082819 43.206402
6.290280 3.680985 43.318478
6.278711 2.559517 43.408138
6.269454 0.938403 43.343929
6.262050 -0.358488 43.292561
5.956511 -1.685577 43.251469
5.712080 -2.747248 43.218594
5.666342 -4.030953 43.056355
5.629752 -5.057918 42.926567
5.900094 -6.313852 42.822731
6.116367 -7.318599 42.739670
5.839966 -8.701549 42.809155
5.618845 -9.807907 42.864742
6.041176 -10.982572 42.501400
6.379037 -11.922303 42.210724
5.600679 -13.253242 41.842247
4.977997 -14.317995 41.547470
5.378688 -15.025008 41.719456
5.699242 -15.590619 41.857048
5.805880 -16.043106 41.695244
5.891190 -16.405096 41.565800
5.959437 -17.129051 41.054436
6.014034 -17.708218 40.645340
5.907904 -18.171551 40.725880
5.823004 -18.542219 40.790310
5.455469 -19.562689 40.705917
5.161439 -20.379066 40.638401
4.626603 -21.032169 40.312515
4.198733 -21.554653 40.051804
3.706631 -22.696577 39.299488
3.312949 -23.610119 38.697636
2.998003 -24.485743 38.080215
2.746046 -25.186245 37.586277
2.394676 -26.036221 36.783314
2.113581 -26.716202 36.140945
2.038512 -27.260185 35.762989
1.978453 -27.695372 35.460621
1.780600 -28.043522 34.946854
1.622321 -28.322041 34.535839
1.795307 -28.834435 34.478901
1.933699 -29.244347 34.433353
2.044412 -29.717064 34.125038
2.132982 -30.095236 33.878387
2.054031 -30.687353 33.681065
1.990868 -31.161049 33.523209
2.090146 -31.684793 32.853172
2.169568 -32.103790 32.317146
2.083298 -32.728561 32.024258
2.014283 -33.228378 31.789951
2.108880 -33.773022 30.922817
2.184555 -34.208736 30.229111
1.795677 -34.557304 29.538206
1.484571 -34.836163 28.985483
1.535303 -35.204041 28.407368
1.575888 -35.498337 27.944876
1.009127 -35.878567 27.710819
0.555720 -36.182747 27.523575
0.792219 -36.426090 26.830029
0.981420 -36.620762 26.275190
1.132779 -36.776505 25.967258
1.253867 -36.901093 25.720913
1.350739 -37.145557 25.523838
1.428235 -37.341129 25.366177
1.640039 -37.931953 24.968172
1.809482 -38.404606 24.649769
2.094843 -38.493156 24.395046
2.323134 -38.563995 24.191269
2.056347 -38.910248 23.756371
1.842918 -39.187244 23.408451
1.522364 -39.264057 22.858242
1.265924 -39.325512 22.418076
1.360383 -39.519459 21.930004
1.435952 -39.674614 21.539547
1.646212 -40.377892 21.091244
1.814419 -40.940517 20.732601
1.499567 -40.811462 20.173813
1.247686 -40.708214 19.726780
1.195987 -40.915192 18.825405
1.154630 -41.080776 18.104305
0.672123 -41.502823 17.663364
0.286118 -41.840462 17.310610
0.276925 -42.110569 16.620594
0.269570 -42.326656 16.068581
0.113879 -42.644314 15.355097
-0.010671 -42.898441 14.784307
0.039496 -43.391319 14.055801
0.079630 -43.785618 13.472998
0.111733 -44.101059 12.598942
0.137416 -44.353413 11.899696
0.008156 -44.410503 11.068426
-0.095251 -44.456177 10.403410
0.271443 -44.347935 9.463583
0.564799 -44.261337 8.711721
0.649678 -44.771217 7.974295
0.717580 -45.179119 7.384354
1.221321 -45.505440 6.232714
1.624316 -45.766499 5.311401
1.796904 -45.685760 4.438414
1.934975 -45.621170 3.740025
1.895625 -45.569500 2.501625
1.864143 -45.528160 1.510906
1.689154 -45.350307 0.854269
1.549161 -45.208023 0.328959
1.736781 -45.094196 -0.770977
1.886876 -45.003132 -1.650925
1.857146 -45.219860 -2.762695
1.833360 -45.393238 -3.652111
2.113947 -45.242371 -4.635521
2.338418 -45.121670 -5.422249
2.218378 -45.025116 -6.459442
2.122347 -44.947868 -7.289196
2.045521 -44.741283 -8.224876
1.984061 -44.576015 -8.973419
2.234507 -44.299011 -10.116005
2.434863 -44.077415 -11.030075
2.595150 -43.465767 -12.033203
2.723378 -42.976452 -12.835705
2.825960 -42.440208 -14.429272
2.908028 -42.011215 -15.704124
2.374455 -41.523228 -17.403694
1.947597 -41.132843 -18.763348
1.606110 -40.096592 -20.394821
1.332920 -39.267597 -21.700001
0.964559 -38.025246 -23.423832
0.669871 -37.031361 -24.802898
0.434120 -35.946678 -26.178024
0.245521 -35.078930 -27.278126
-0.204972 -33.660789 -28.837894
-0.565368 -32.526279 -30.085709
-0.404264 -31.039516 -31.627712
-0.275381 -29.850105 -32.861317
-0.322082 -28.464216 -34.120075
-0.359440 -27.355503 -35.127079
-0.539136 -25.599804 -36.204556
-0.682892 -24.195244 -37.066540
-0.498283 -22.347654 -38.028004
-0.350593 -20.869581 -38.797169
-0.382250 -19.107971 -39.548443
-0.407576 -17.698683 -40.149464
-1.027064 -15.702521 -40.902157
-1.522653 -14.105592 -41.504307
-1.769319 -11.959319 -42.529774
-1.966652 -10.242302 -43.350147
-1.675097 -8.144745 -43.734577
-1.441853 -6.466703 -44.042118
-1.405064 -5.124268 -44.152218
-1.375634 -4.050318 -44.240292
-1.651702 -2.322429 -44.310757
-1.872555 -0.940118 -44.367123
-1.749626 0.744884 -44.004406
-1.651283 2.092883 -43.714230
-1.722415 3.895225 -43.618031
-1.779320 5.337097 -43.541065
-2.124460 7.069751 -43.207623
-2.400571 8.455873 -42.940868
-2.471652 9.854345 -42.455585
-2.528517 10.973125 -42.067364
-2.574008 12.447304 -41.756786
-2.610401 13.626646 -41.508320
-2.489709 15.149270 -41.037678
-2.393157 16.367371 -40.661160
-2.465721 17.486639 -40.088070
-2.523772 18.382055 -39.629597
-2.869826 19.532751 -38.719074
-3.146670 20.453308 -37.990650
-3.667759 21.768908 -37.543850
-4.084630 22.821386 -37.186413
-4.567934 23.808159 -36.628590
-4.954577 24.597574 -36.182331
-4.964277 25.808262 -35.281574
-4.972037 26.776812 -34.560963
-4.978244 27.696440 -33.984478
-4.983211 28.432142 -33.523289
-5.136992 29.455069 -32.610584
-5.260016 30.273411 -31.880424
-5.508241 31.072872 -30.888485
-5.706821 31.712442 -30.094933
-5.416266 32.224094 -29.596027
-5.183820 32.633419 -29.196903
-5.447285 33.684818 -28.469791
-5.658056 34.525940 -27.888103
-5.527061 35.343628 -27.014938
-5.422264 35.997772 -26.316406
-5.338427 36.521091 -25.485706
-5.271356 36.939747 -24.821148
-5.067894 37.709034 -23.745750
-4.905123 38.324463 -22.885433
-5.074521 38.961601 -21.925304
-5.210040 39.471302 -21.157200
-5.168648 39.879070 -19.727093
-5.135535 40.205284 -18.583004
-4.959236 40.611038 -17.259922
-4.818197 40.935646 -16.201458
-4.855174 41.484905 -14.810936
-4.884754 41.924316 -13.698517
-4.758612 42.420631 -12.536709
-4.657699 42.817684 -11.607262
-4.726775 42.990540 -10.319954
-4.782036 43.128822 -9.290108
-4.826243 43.384235 -7.922482
-4.861610 43.588566 -6.828381
-4.590291 43.752033 -5.681225
-4.373235 43.882805 -4.763500
-4.349397 43.842636 -3.349632
-4.330326 43.810497 -2.218536
-4.315068 43.929577 -0.226160
-4.302863 44.024841 1.367741
-4.143293 43.666687 3.322548
-4.015635 43.380161 4.886395
-4.213125 43.440521 6.953096
-4.371116 43.488808 8.606459
-4.197894 42.948284 10.065086
-4.059317 42.515865 11.231987
-4.098262 41.880352 12.845196
-4.129419 41.371944 14.135763
-4.304151 40.965214 15.304153
-4.443936 40.639832 16.238867
-4.555765 40.379528 17.394449
-4.645227 40.171280 18.318916
-4.417182 39.859898 19.194426
-4.234748 39.610794 19.894835
-3.938993 38.977142 21.134850
-3.702390 38.470222 22.126860
-3.363302 37.485531 23.056406
-3.092031 36.697777 23.800043
-3.174627 36.212364 24.666828
-3.240704 35.824036 25.360256
-2.694338 34.934219 26.322811
-2.257248 34.222363 27.092855
-2.057379 33.652882 27.980766
-1.897487 33.197296 28.691093
-1.320151 32.398464 29.531231
-0.858284 31.759396 30.203341
-0.638597 30.958565 31.148842
-0.462847 30.317900 31.905241
-0.322245 29.515793 32.782238
-0.209764 28.874107 33.483833
-0.419393 28.215969 34.181049
-0.587096 27.689459 34.738819
-0.271838 26.544308 35.728786
-0.019632 25.628191 36.520760
0.032327 24.605719 37.018402
0.073891 23.787741 37.416515
0.107145 22.554205 37.870945
0.133747 21.567377 38.234486
0.454642 20.777916 38.797195
0.711358 20.146347 39.247364
0.766926 18.917150 39.743435
0.811380 17.933792 40.140289
0.846942 16.712742 40.321838
0.875392 15.735899 40.467079
0.898153 15.099215 40.991081
0.916363 14.589869 41.410286
1.380348 13.168871 42.289398
1.751536 12.032073 42.992683
1.898681 10.977847 43.011566
2.016397 10.134467 43.026672
2.110570 8.735821 43.446571
2.185908 7.616907 43.782486
2.545791 6.576985 44.051220
2.833697 5.745046 44.266209
3.064023 4.789922 44.438198
3.248283 4.025822 44.575790
3.395692 2.690599 44.549927
3.513618 1.622422 44.529236
3.458152 0.333515 44.648621
3.413779 -0.697611 44.744125
3.378283 -1.522512 44.548656
3.349885 -2.182433 44.392281
3.327164 -3.289521 44.674995
3.308991 -4.175193 44.901165
2.994838 -4.883731 44.810226
2.743514 -5.450560 44.737473
2.542455 -6.772755 44.679276
2.381607 -7.830508 44.632713
2.402739 -8.676714 44.323589
2.419644 -9.353679 44.076290
2.582975 -10.619189 44.286263
2.713637 -11.631600 44.454239
2.818170 -12.731103 44.452686
2.901794 -13.610705 44.451443
2.818885 -14.459177 43.770760
2.752560 -15.137955 43.226215
2.699499 -16.260128 42.654640
2.657049 -17.157867 42.197380
2.922706 -18.455208 41.559700
3.135229 -19.493080 41.049553
3.005635 -20.323383 40.777374
2.901960 -20.987623 40.559631
2.669212 -21.953381 39.841682
2.483014 -22.725983 39.267330
2.783477 -23.778437 38.671906
3.023845 -24.620398 38.195568
2.561023 -25.572205 37.020267
2.246658 -26.489773 36.330509
1.793970 -28.390224 34.929443
1.633017 -29.323343 34.250034
1.953672 -30.214626 33.434635
2.210197 -30.927652 32.782314
2.265611 -31.787655 32.260456
2.309939 -32.475651 31.842972
2.794823 -33.170841 31.237108
3.182730 -33.726994 30.752419
3.193442 -34.171913 29.956852
3.202013 -34.527851 29.320400
3.358675 -35.246964 28.675303
3.484005 -35.822254 28.159224
3.434464 -36.427273 27.338547
3.394830 -36.911285 26.682007
3.363121 -37.153713 25.613024
3.337755 -37.347652 24.757837
3.317460 -37.937168 24.345564
3.301225 -38.408783 24.015743
3.138431 -38.786076 23.480015
3.008195 -39.087906 23.051430
3.053815 -39.184589 22.300751
3.090312 -39.261929 21.700207
3.269313 -39.613384 20.947895
3.412516 -39.894543 20.346048
3.377271 -40.409046 19.456757
3.349076 -40.820652 18.745325
3.626132 -41.294727 17.904305
3.847778 -41.673988 17.231487
4.025092 -41.832603 16.421356
4.166946 -41.959496 15.773254
4.430237 -42.495377 15.254772
4.640871 -42.924080 14.839987
5.108988 -43.267044 13.692533
5.483485 -43.541416 12.774570
5.333658 -43.905701 11.904263
5.213797 -44.197128 11.208015
5.717135 -44.140690 10.379143
6.119805 -44.095543 9.716045
6.142331 -44.204212 8.641817
6.160350 -44.291145 7.782434
6.324571 -44.505486 6.551178
6.455948 -44.676956 5.566174
6.561049 -44.669342 4.234421
6.645133 -44.663250 3.169018
6.712400 -44.947956 2.180758
6.766212 -45.175716 1.390150
6.809264 -45.502720 0.213913
6.843705 -45.764324 -0.727077
7.021064 -45.684029 -1.887680
7.162950 -45.619785 -2.816162
7.276459 -45.134029 -3.830826
7.367264 -44.745422 -4.642555
7.290105 -44.434544 -6.107563
7.228377 -44.185833 -7.279568
7.478607 -43.697289 -8.489048
7.678792 -43.306450 -9.456635
7.689131 -43.138573 -10.910389
7.697404 -43.004272 -12.073395
7.704021 -42.607258 -13.683487
7.709315 -42.289639 -14.971558
7.863357 -41.890762 -16.681702
7.986590 -41.571655 -18.049820
8.085177 -41.171585 -19.280251
8.164047 -40.851532 -20.264595
7.927532 -40.161118 -21.595821
7.738318 -39.608788 -22.660801
7.736754 -38.298199 -24.192474
7.735502 -37.249725 -25.417812
7.734499 -35.831791 -26.941833
7.733698 -34.697449 -28.161049
7.283636 -33.210815 -29.680172
6.923586 -32.021507 -30.895470
6.635546 -30.635698 -32.275520
6.405114 -29.527048 -33.379559
6.520383 -27.916189 -34.670605
6.612598 -26.627502 -35.703442
6.087145 -25.306974 -36.665646
5.666781 -24.250557 -37.435413
5.180681 -23.115843 -38.459034
4.791803 -22.208073 -39.277935
5.229735 -20.178764 -39.933056
5.580081 -18.555319 -40.457150
5.261127 -16.387829 -41.148304
5.005968 -14.653839 -41.701229
4.951647 -12.542706 -42.415440
4.908189 -10.853799 -42.986805
5.173037 -9.213096 -43.307964
5.384914 -7.900536 -43.564892
5.254804 -6.126544 -43.906368
5.150715 -4.707351 -44.179554
5.067444 -2.848057 -44.262165
5.000827 -1.360621 -44.328251
4.797728 0.698056 -44.245182
4.635246 2.344998 -44.178730
4.505263 4.096918 -43.853687
4.401275 5.498452 -43.593655
4.168279 7.343623 -43.521564
3.981882 8.819759 -43.463894
4.132376 10.579822 -42.874012
4.252773 11.987869 -42.402103
4.199281 13.693461 -41.752705
4.156490 15.057936 -41.233181
3.672837 16.439091 -40.545689
3.285913 17.544014 -39.995693
2.976376 19.151896 -39.011951
2.728746 20.438200 -38.224957
2.231028 22.335974 -37.731297
1.832852 23.854193 -37.336369
1.813927 25.068766 -36.204800
1.798786 26.040426 -35.299549
1.636869 27.252119 -34.439411
1.507332 28.221474 -33.751301
1.553509 29.286533 -32.792995
1.590453 30.138580 -32.026352
1.170588 31.109795 -31.141163
0.834694 31.886768 -30.433010
0.416174 32.797924 -29.866489
0.081357 33.526848 -29.413273
-0.336305 34.109985 -28.778824
-0.670432 34.576492 -28.271267
-0.638121 35.239281 -27.321472
-0.612271 35.769508 -26.561634
-0.291978 36.193691 -25.817825
-0.035745 36.533039 -25.222778
-0.130370 37.383667 -24.067055
-0.206070 38.064171 -23.142475
-0.266632 38.753361 -22.130936
-0.315080 39.304714 -21.321705
-0.353840 39.890587 -20.266506
-0.384847 40.359283 -19.422348
-0.709265 40.734241 -18.339211
-0.968802 41.034206 -17.472698
-1.625852 41.563755 -16.507614
-2.151492 41.987396 -15.735546
-2.572003 42.326305 -14.438206
-2.908412 42.597435 -13.400333
-3.327345 43.103916 -12.026287
-3.662492 43.509102 -10.927048
-4.230223 43.398880 -9.639843
-4.684408 43.310707 -8.610081
-4.897949 43.529747 -7.514397
-5.068781 43.704975 -6.637848
-5.205448 43.700371 -5.936611
-5.314781 43.696686 -5.375622
-5.552054 43.983318 -4.111202
-5.741873 44.212620 -3.099667
-6.043535 44.106487 -1.746689
-6.284863 44.021580 -0.664307
-6.777540 44.098442 0.473473
-7.171681 44.159935 1.383696
-7.037575 43.774761 2.383751
-6.930289 43.466625 3.183794
-7.144074 43.220112 4.503517
-7.315102 43.022903 5.559296
-7.751538 43.009922 6.539856
-8.100687 42.999542 7.324303
-8.380006 42.846451 9.175299
-8.603460 42.723972 10.656096
-8.482610 42.046841 11.976669
-8.385930 41.505135 13.033129
-8.608200 40.637405 14.557983
-8.786016 39.943218 15.777868
-8.778462 39.387875 17.161589
-8.772419 38.943592 18.268564
-8.617777 38.588173 19.697895
-8.494063 38.303829 20.841360
-8.395092 37.497211 22.028008
-8.315916 36.851910 22.977324
-8.252574 36.046093 24.144590
-8.201900 35.401443 25.078403
-7.562136 34.451355 26.097328
-7.050325 33.691288 26.912468
-6.790683 32.793655 27.972393
-6.582969 32.075546 28.820333
-6.266991 31.066700 30.042435
-6.014208 30.259621 31.020117
-5.811983 29.469170 31.802263
-5.650203 28.836807 32.427979
-5.221164 28.041342 33.336365
-4.877933 27.404968 34.063072
-4.453541 26.316717 34.780376
-4.114028 25.446117 35.354221
-3.842418 24.460060 36.085171
-3.625130 23.671215 36.669930
-3.301494 22.605772 37.409611
-3.042583 21.753420 38.001358
-2.535841 20.347595 38.882568
-2.130450 19.222937 39.587536
-1.656330 17.888844 40.287449
-1.277035 16.821569 40.847378
-0.823791 15.243810 41.159382
-0.461193 13.981603 41.408989
0.278303 12.682261 41.744610
0.869902 11.642784 42.013107
1.642794 10.232052 42.771652
2.261108 9.103467 43.378494
2.755758 7.187079 43.456150
3.151480 5.653971 43.518276
3.168442 3.848330 43.432041
3.182011 2.403818 43.363052
3.642289 0.813844 43.715672
4.010511 -0.458138 43.997768
4.454892 -1.765299 43.951572
4.810399 -2.811025 43.914612
5.094806 -4.805913 43.205360
5.322328 -6.401826 42.637955
5.504348 -7.388977 42.999660
5.649965 -8.178699 43.289021
6.365684 -9.534418 42.976761
6.938260 -10.618993 42.726952
7.096706 -12.355382 42.391167
7.223464 -13.744494 42.122543
7.624484 -14.566208 41.499825
7.945298 -15.223579 41.001656
8.201949 -16.473417 40.603119
8.407271 -17.473289 40.284286
8.871142 -18.707550 39.485474
9.242242 -19.694958 38.846424
9.239507 -20.340092 38.335182
9.237316 -20.856207 37.926189
8.935951 -21.703457 37.734932
8.694860 -22.381260 37.581928
8.651793 -23.647446 37.051712
8.617340 -24.660389 36.627537
8.290166 -26.049896 35.744450
8.028427 -27.161509 35.037979
7.819033 -28.050797 34.200928
7.651520 -28.762224 33.531284
8.116736 -29.765734 33.267445
8.488909 -30.568539 33.056377
8.487031 -30.776423 32.615643
8.485532 -30.942722 32.263058
8.334522 -31.654922 31.709116
8.213715 -32.224678 31.265961
8.266876 -32.825275 30.639563
8.309408 -33.305748 30.138443
8.193623 -33.979706 29.737549
8.100998 -34.518875 29.416832
8.326512 -34.660633 29.024323
8.506923 -34.774033 28.710314
8.501445 -35.154331 28.323170
8.497061 -35.458576 28.013454
8.343746 -35.846756 27.357870
8.221094 -36.157299 26.833401
8.272781 -36.405731 26.141953
8.314130 -36.604481 25.588793
8.497016 -36.763481 25.146267
8.643324 -36.890682 24.792244
8.460759 -37.426807 24.237152
8.314707 -37.855705 23.793077
8.497478 -38.198830 23.030006
8.643698 -38.473328 22.419548
8.461056 -38.837708 21.523369
8.314942 -39.129211 20.806427
7.748632 -39.651997 20.232872
7.295583 -40.070221 19.774029
7.232758 -40.549591 18.999142
7.182497 -40.933083 18.379232
7.142290 -41.239880 17.611429
7.110125 -41.485321 16.997187
6.934587 -41.971249 16.233917
6.794155 -42.359989 15.623303
6.532001 -42.236610 14.591061
6.322278 -42.137909 13.765266
6.154502 -42.203735 12.968695
6.020280 -42.256401 12.331436
5.763096 -43.022472 11.685692
5.557348 -43.635330 11.169096
5.392749 -43.691250 10.212070
5.261071 -43.735989 9.446449
5.155730 -43.626991 8.426140
5.071455 -43.539799 7.609894
4.854230 -43.759617 6.685020
4.680448 -43.935467 5.945122
4.241809 -44.076153 4.673515
3.890898 -44.188702 3.656231
4.359203 -44.278740 2.706467
4.733846 -44.350769 1.946655
4.584140 -44.408394 0.930992
4.464377 -44.454491 0.118462
4.518373 -44.201794 -1.075314
4.561570 -43.999641 -2.030331
4.895742 -43.982704 -2.930283
5.163077 -43.969154 -3.650246
5.526755 -43.958309 -4.498093
5.817697 -43.949638 -5.176369
6.200256 -43.942703 -6.126801
6.506302 -43.937157 -6.887146
6.601333 -43.932709 -7.903236
6.677358 -43.929157 -8.716106
7.037790 -43.781525 -9.502342
7.326138 -43.663422 -10.131329
7.556814 -43.713730 -10.906395
7.741358 -43.753971 -11.526447
7.888991 -43.641376 -12.838116
8.007096 -43.551308 -13.887451
8.551003 -42.755302 -15.134731
8.986127 -42.118507 -16.132553
9.334229 -41.609066 -17.066750
9.612711 -41.201511 -17.814106
9.985301 -40.441101 -18.819805
10.283375 -39.832775 -19.624363
10.372025 -39.346111 -20.403946
10.442946 -38.956787 -21.027615
10.050261 -38.355751 -22.342175
9.736115 -37.874920 -23.393822
9.634606 -37.200680 -24.235138
9.553396 -36.661282 -24.908192
9.638235 -35.795403 -25.990387
9.706108 -35.102699 -26.856140
9.760405 -34.258957 -27.820618
9.803842 -33.583969 -28.592201
9.838591 -32.899189 -29.209469
9.866391 -32.351368 -29.703281
9.738826 -31.768314 -30.778019
9.636772 -31.301876 -31.637810
9.405324 -30.639149 -32.053768
9.220163 -30.108967 -32.386532
8.922228 -29.395247 -32.924618
8.683880 -28.824268 -33.355091
8.193590 -28.077909 -33.971340
7.801356 -27.480820 -34.464344
7.337765 -26.568785 -35.266560
6.966889 -25.839159 -35.908329
7.119610 -24.821093 -36.829556
7.241787 -24.006639 -37.566540
6.890109 -23.065496 -38.156124
6.608766 -22.312590 -38.627796
6.533497 -21.275890 -39.277004
6.473284 -20.446533 -39.796375
6.125499 -18.914322 -40.347805
5.847269 -17.688551 -40.788952
5.924302 -16.273569 -41.549679
5.985925 -15.141584 -42.158260
5.735613 -14.091208 -42.509190
5.535363 -13.250906 -42.789936
5.075547 -11.854723 -43.014530
4.707695 -10.737779 -43.194210
4.563220 -9.265070 -43.473888
4.447642 -8.086903 -43.697628
4.504986 -6.854794 -43.876621
4.550862 -5.869105 -44.019817
4.737369 -4.646190 -44.270313
4.886574 -3.667859 -44.470707
4.856133 -2.016464 -44.495083
4.831778 -0.695345 -44.514584
4.662486 0.651125 -44.394253
4.527052 1.728299 -44.297985
3.969288 3.024406 -44.220974
3.523075 4.061289 -44.159359
3.615525 5.614736 -44.110073
3.689486 6.857497 -44.070644
3.748654 8.141281 -43.767223
3.795989 9.168308 -43.524487
3.983662 10.134719 -43.194355
4.133802 10.907846 -42.930256
4.104108 12.395082 -42.583035
4.080351 13.584867 -42.305264
4.061345 14.536695 -41.947102
4.046143 15.298159 -41.660572
4.033979 16.196903 -41.159473
4.024247 16.915901 -40.758595
4.166267 18.359829 -40.166019
4.279886 19.514971 -39.691959
4.520587 20.439085 -39.176777
4.713149 21.178375 -38.764629
4.867198 22.059385 -38.298977
4.990436 22.764191 -37.926449
5.089027 24.051979 -37.084675
5.167901 25.082209 -36.411259
5.230999 26.051180 -35.872524
5.281479 26.826357 -35.441540
5.321860 27.880863 -34.688938
5.354167 28.724470 -34.086857
5.529819 29.544142 -33.333317
5.670341 30.199881 -32.730488
5.632950 31.014046 -31.432598
5.603041 31.665380 -30.394287
5.878726 33.055176 -29.155823
6.099275 34.167015 -28.165051
6.125905 35.201271 -26.828686
6.147207 36.028679 -25.759594
5.864637 36.545818 -24.632446
5.638582 36.959526 -23.730728
5.607543 37.724861 -22.737476
5.582714 38.337120 -21.942875
5.413043 38.971725 -21.035320
5.277305 39.479404 -20.309277
5.468331 39.885548 -19.048752
5.621149 40.210464 -18.040333
5.893210 40.615185 -17.097660
6.110861 40.938965 -16.343521
6.135175 41.487560 -15.468334
6.154624 41.926441 -14.768185
6.170184 42.277542 -13.664318
6.182631 42.558426 -12.781223
6.192592 42.493553 -11.530998
6.200557 42.441658 -10.530819
6.206929 42.979294 -9.730675
6.212029 43.409401 -9.090561
6.216109 43.753487 -8.578468
6.219372 44.028759 -8.168793
6.221981 44.248974 -7.433239
6.224070 44.425144 -6.844799
6.525353 44.421295 -6.102169
6.766379 44.418217 -5.508068
6.959201 44.415749 -4.896851
7.113457 44.413780 -4.407875
7.686286 44.412205 -3.472942
8.144548 44.410942 -2.724998
8.361351 44.409927 -2.126644
8.534792 44.409126 -1.647961
8.973159 44.263691 -0.993137
9.323854 44.147339 -0.469280
9.754215 43.909473 0.221682
10.098506 43.719185 0.774452
10.224129 43.566948 1.760418
10.324630 43.445164 2.549191
10.704640 43.202942 3.316147
11.008651 43.009167 3.929710
10.952246 42.709362 4.556499
10.907122 42.469513 5.057930
10.721217 42.277637 6.002825
10.572491 42.124134 6.758741
10.453512 42.001335 7.635349
10.358327 41.903091 8.336636
10.282180 41.969288 9.577353
10.221264 42.022243 10.569925
10.172531 41.630245 11.363983
10.133543 41.316647 11.999229
9.802740 40.920979 13.051178
9.538095 40.604443 13.892736
9.476189 40.061638 14.973795
9.426663 39.627392 15.838642
9.536848 39.135216 16.802395
9.624995 38.741470 17.573397
9.545708 38.426468 18.598011
9.482280 38.174469 19.417702
9.431536 37.828087 20.481268
9.390943 37.550980 21.332121
9.508272 36.605347 21.876865
9.602137 35.848846 22.312660
9.976840 35.388432 23.069111
10.276605 35.020100 23.674269
10.366609 34.435856 24.294334
10.438615 33.968464 24.790386
10.795832 33.594547 25.051289
11.081604 33.295418 25.260014
11.609837 33.056114 25.834805
12.032420 32.864666 26.294636
12.520295 32.566727 26.934378
12.910596 32.328369 27.446171
12.773416 31.558533 28.127481
12.663669 30.942663 28.672527
12.426068 30.160391 28.836691
12.235986 29.534575 28.968021
12.383533 29.613071 29.480898
12.501574 29.675871 29.891201
12.745810 29.436533 30.219440
12.941200 29.245064 30.482035
13.696739 28.947100 30.692108
14.301172 28.708729 30.860168
14.335296 28.083668 31.266491
14.362596 27.583618 31.591549
14.534242 27.038790 31.851595
14.671560 26.602928 32.059631
14.781412 26.254238 32.362000
14.869295 25.975286 32.603893
14.939602 25.607338 32.661472
14.995849 25.312979 32.707531
14.891040 24.932701 33.016258
14.807192 24.628481 33.263237
14.889918 23.950739 33.324883
14.956100 23.408546 33.374199
15.158854 22.830004 33.549591
15.321055 22.367168 33.689903
15.001395 22.141689 34.074028
14.745667 21.961308 34.381329
14.840698 21.672213 34.763107
14.916723 21.440937 35.068531
14.827739 20.966337 35.448807
14.756550 20.586660 35.753025
15.149020 20.282917 36.132339
15.462995 20.039925 36.435791
15.564369 19.266375 36.406677
15.645466 18.647535 36.383385
15.860151 18.007677 36.772564
16.031902 17.495789 37.083908
15.719882 16.941490 37.197044
15.470265 16.498053 37.287556
15.570185 15.853724 37.088089
15.650119 15.338262 36.928513
15.714067 14.346739 37.344604
15.765225 13.553521 37.677479
15.656344 12.629372 38.215652
15.569242 11.890052 38.646191
15.799174 11.443385 38.854683
15.983121 11.086052 39.021477
16.280081 9.931455 39.018974
16.517649 9.007777 39.016975
17.007317 8.124048 39.151310
17.399050 7.417063 39.258781
18.161860 6.561900 39.208817
18.772108 5.877767 39.168846
19.260305 4.751310 39.000935
19.650862 3.850143 38.866604
20.262920 2.550056 38.623203
20.752569 1.509988 38.428482
20.844673 0.533143 38.544579
20.918358 -0.248331 38.637455
21.276920 -1.018299 38.303947
21.563770 -1.634272 38.037140
22.392477 -2.561417 37.959629
23.055441 -3.303133 37.897621
23.136391 -4.330873 37.576141
23.201151 -5.153063 37.318958
23.402767 -5.955605 36.977272
23.564062 -6.597639 36.703922
23.842901 -7.979993 36.349308
24.065973 -9.085876 36.065613
24.244429 -10.115370 35.566784
24.387197 -10.938967 35.167721
24.501410 -11.742632 34.848473
24.592779 -12.385564 34.593071
25.265106 -13.189485 34.388748
25.802965 -13.832623 34.225292
25.783833 -14.636708 33.958591
25.768524 -15.279980 33.745228
25.756281 -15.649809 33.302666
25.746483 -15.945670 32.948612
25.888451 -16.616724 32.393497
26.002026 -17.153566 31.949404
25.943081 -17.583044 31.730066
25.895924 -17.926624 31.554596
26.157814 -18.635851 31.142345
26.367325 -19.203236 30.812546
26.534935 -20.091509 30.412767
26.669024 -20.802124 30.092945
26.776291 -21.370619 29.701149
26.862104 -21.825415 29.387714
26.780952 -22.189251 28.729153
26.716028 -22.480316 28.202303
26.664089 -22.857960 27.780823
26.622538 -23.160074 27.443640
26.888910 -23.836130 26.766081
27.102009 -24.376976 26.224033
27.122683 -24.954441 25.790394
27.139217 -25.416409 25.443485
27.002638 -26.075565 24.894081
26.893375 -26.602888 24.454559
26.955774 -27.024748 23.967003
27.005693 -27.362234 23.576958
27.195435 -27.777008 23.264923
27.347229 -28.108829 23.015293
27.318855 -28.374287 22.543716
27.296160 -28.586655 22.166454
27.427811 -28.901333 21.456833
27.533127 -29.153078 20.889133
27.617380 -30.078417 20.570913
27.684786 -30.818691 20.316338
27.738708 -31.121334 19.976738
27.781845 -31.363447 19.705059
27.366934 -31.557137 19.351778
27.035006 -31.712088 19.069153
26.619656 -32.125622 18.027430
26.287378 -32.456451 17.194050
25.871748 -32.865906 16.391407
25.539248 -33.193462 15.749295
25.423052 -34.179451 14.963730
25.330093 -34.968243 14.335278
25.255726 -35.454487 13.152828
25.196232 -35.843487 12.206869
24.998831 -36.154682 11.586039
24.840914 -36.403645 11.089375
24.714579 -36.892384 10.284231
24.613508 -37.283379 9.640116
23.933426 -38.030540 8.988886
23.389360 -38.628269 8.467903
22.504686 -38.816875 8.187054
21.796949 -38.967758 7.962374
21.080954 -39.233257 7.238880
20.508158 -39.445656 6.660086
20.349533 -39.905151 6.061111
20.222633 -40.272743 5.581932
19.671692 -40.566822 4.790777
19.230940 -40.802078 4.157852
19.028145 -41.135071 2.564013
18.865908 -41.401466 1.288940
17.987085 -41.614586 0.132946
17.284029 -41.785076 -0.791851
17.021198 -41.631901 -2.075436
16.810930 -41.509357 -3.102306
16.642715 -41.556110 -4.467552
16.508142 -41.593510 -5.559750
16.400486 -41.478645 -6.705383
16.314362 -41.386753 -7.621887
16.245461 -41.313240 -8.762905
16.190340 -41.254429 -9.675720
15.846631 -40.917801 -10.949718
15.571664 -40.648506 -11.968918
15.651301 -40.288273 -13.192093
15.715014 -40.000092 -14.170631
15.616175 -39.769539 -15.497211
15.537106 -39.585106 -16.558475
15.773462 -39.003193 -17.543427
15.962549 -38.537663 -18.331387
15.664399 -38.020454 -19.233627
15.425880 -37.606682 -19.955421
15.235063 -37.275665 -20.804729
15.082411 -37.010853 -21.484177
15.409707 -36.219845 -22.435547
15.671543 -35.587044 -23.196644
16.480242 -34.501648 -24.213333
17.127197 -33.633331 -25.026688
17.045536 -32.649097 -26.085182
16.980206 -31.861717 -26.931976
16.927946 -30.942234 -27.745350
16.886139 -30.206642 -28.396049
17.002497 -29.328600 -29.188484
17.095581 -28.626165 -29.822430
17.469662 -27.774635 -30.601463
17.768930 -27.093420 -31.224689
17.858536 -26.258867 -31.587334
17.930222 -25.591223 -31.877449
17.837763 -25.057106 -32.245480
17.763794 -24.629816 -32.539906
17.854427 -23.853619 -32.911381
17.926933 -23.232664 -33.208561
17.984940 -22.591106 -33.718182
18.031343 -22.077862 -34.125874
18.218273 -21.232897 -34.723904
18.367817 -20.556929 -35.202328
18.787067 -19.726578 -35.721004
19.122465 -19.062298 -36.135944
19.091171 -18.241295 -36.196026
19.066133 -17.584494 -36.244091
19.046108 -17.059052 -37.098164
19.030085 -16.638699 -37.781422
19.017267 -15.578473 -37.920216
19.007013 -14.730294 -38.031254
19.148617 -14.196541 -38.256023
19.261898 -13.769539 -38.435841
19.502331 -12.993573 -38.443752
19.694677 -12.372800 -38.450085
20.148169 -11.297029 -38.591084
20.510962 -10.436413 -38.703884
20.501583 -9.458342 -38.794125
20.494081 -8.675886 -38.866322
20.637884 -7.615555 -39.060017
20.752926 -6.767293 -39.214970
20.994770 -6.088681 -39.067059
21.188242 -5.545793 -38.948727
21.343018 -4.821905 -38.854061
21.466841 -4.242793 -38.778332
21.565899 -3.779505 -39.261501
21.645147 -3.408875 -39.648037
21.708546 -3.112372 -39.821323
21.759262 -2.875169 -39.959949
21.949640 -2.685405 -39.934917
22.101946 -2.533595 -39.914890
22.223791 -1.977781 -39.626995
22.321264 -1.533128 -39.396679
22.249437 -1.032619 -39.076488
22.191975 -0.632214 -38.820332
22.445620 -0.022313 -38.615406
22.648535 0.465610 -38.451466
22.810867 1.000735 -38.320316
22.940733 1.428836 -38.215397
22.745014 1.626529 -38.403339
22.588436 1.784683 -38.553692
22.612982 2.200781 -38.538036
22.632618 2.533662 -38.525509
22.498522 3.089543 -38.651424
22.391243 3.534247 -38.752155
22.455227 4.034800 -38.696804
22.506413 4.435241 -38.652523
22.097944 4.466018 -38.617100
21.771168 4.490640 -38.588764
21.659554 4.944703 -38.837971
21.570259 5.307951 -39.037334
21.349020 6.032915 -39.196827
21.172031 6.612886 -39.324421
21.192070 7.409082 -39.105854
21.196276 8.003398 -38.979763
21.499254 8.478848 -38.878895
21.741636 8.859211 -38.798199
22.384964 9.308289 -38.597706
22.899624 9.667549 -38.437305
23.161545 9.810169 -38.308987
23.371080 9.924267 -38.206333
23.089291 10.594698 -37.716396
22.863857 11.131040 -37.324451
22.533705 12.284058 -37.282764
22.269585 13.206470 -37.249416
21.908484 14.378765 -36.814930
21.619598 15.316602 -36.467335
21.688105 16.356447 -36.189259
21.742908 17.188324 -35.966801
21.786753 17.853827 -35.516956
21.821827 18.386229 -35.157085
21.550274 19.246513 -34.869190
21.333033 19.934740 -34.638874
21.608658 20.485323 -34.182743
21.829159 20.925789 -33.817837
21.705944 21.857315 -33.525913
21.607374 22.602537 -33.292377
21.828131 23.633078 -32.697735
22.004738 24.457510 -32.222019
22.295830 25.117056 -31.433636
22.528704 25.644693 -30.802929
22.864809 25.922016 -30.026489
23.133692 26.143873 -29.405334
23.648413 26.466146 -28.772476
24.060190 26.723967 -28.266190
24.539419 27.075010 -27.725220
24.922802 27.355844 -27.292446
25.379314 27.435724 -26.674351
25.744524 27.499628 -26.179874
26.036694 27.695539 -25.240543
26.270428 27.852268 -24.489079
26.607222 27.688074 -24.023846
26.876657 27.556719 -23.651657
27.242010 27.741213 -23.217972
27.534292 27.888805 -22.871021
27.618315 28.006882 -22.593460
27.685534 28.101341 -22.371414
27.889112 28.032122 -21.785961
28.051975 27.976746 -21.317600
28.332075 28.077234 -20.942913
28.556156 28.157623 -20.643162
28.735416 28.801088 -19.995548
28.878826 29.315861 -19.477459
28.993555 29.438101 -19.062984
29.085339 29.535894 -18.731407
29.308569 29.758917 -18.194271
29.487156 29.937336 -17.764561
29.630026 29.935284 -17.420792
29.744320 29.933640 -17.145779
29.985561 29.932325 -16.789829
30.178556 29.931273 -16.505070
30.482759 29.785645 -16.005386
30.726122 29.669142 -15.605640
31.070616 29.720726 -14.742096
31.346212 29.761993 -14.051258
31.416885 30.229372 -13.362652
31.473419 30.603277 -12.811764
31.518650 30.468035 -12.235119
31.554832 30.359842 -11.773804
31.733585 30.273287 -11.404751
31.876591 30.204042 -11.109509
31.841187 30.438225 -10.465500
31.812862 30.625570 -9.950294
31.940010 30.485868 -9.266254
32.041725 30.374109 -8.719025
31.973291 30.574276 -8.281239
31.918545 30.734411 -7.931011
32.024551 30.717730 -6.835205
32.109364 30.704388 -5.958557
31.877598 30.693712 -5.393177
31.692184 30.685171 -4.940872
31.843470 30.823128 -4.171215
31.964499 30.933493 -3.555492
31.761707 30.876997 -2.655102
31.599474 30.831800 -1.934788
31.919106 30.650854 -1.222599
32.174812 30.506096 -0.652847
32.529182 30.245502 0.482641
32.812679 30.037027 1.391031
32.739864 30.159824 2.253681
32.681614 30.258060 2.943800
32.635010 30.336651 3.224022
32.597729 30.399521 3.448198
32.418095 30.305029 4.579102
32.274391 30.229437 5.483824
32.159428 30.168962 5.663853
32.067455 30.120584 5.807877
32.293491 29.647516 6.330908
32.474323 29.269062 6.749332
32.469177 28.821508 7.220009
32.465065 28.463467 7.596550
32.461773 28.177034 8.441534
32.459141 27.947887 9.117521
32.157421 27.764572 9.658310
31.916040 27.617918 10.090940
32.172359 27.500595 10.708921
32.377419 27.406736 11.203306
32.391655 27.331648 11.870687
32.403042 27.271580 12.404593
32.262348 26.933949 12.831717
32.149788 26.663841 13.173416
32.359356 26.592546 13.582714
32.527012 26.535509 13.910152
32.960754 26.200304 14.579916
33.307743 25.932138 15.115726
33.135910 25.572819 15.544375
32.998451 25.285362 15.887294
32.888477 25.200186 16.433502
32.800503 25.132044 16.870472
32.730118 24.787952 17.763796
32.673813 24.512680 18.478455
32.478962 24.147675 19.050182
32.323086 23.855671 19.507565
32.048576 23.477280 20.145346
31.828972 23.174564 20.655571
31.353668 23.077183 21.335625
30.973431 22.999277 21.879669
30.968851 22.502588 22.722715
30.965189 22.105238 23.397154
30.812452 21.932146 23.800766
30.690264 21.793671 24.123657
30.592508 21.248526 24.789782
30.514305 20.812410 25.322681
30.152130 20.463520 25.884939
29.862392 20.184404 26.334745
29.480793 19.381960 26.694590
29.175514 18.740004 26.982466
29.081097 17.936863 27.620579
29.005564 17.294352 28.131069
28.645525 17.069916 28.539461
28.357494 16.890369 28.866175
28.127069 16.167580 29.807234
27.942730 15.589346 30.560081
27.795256 14.692395 30.890484
27.677277 13.974836 31.154806
27.433088 13.400789 31.502201
27.237736 12.941551 31.780117
27.081455 12.429374 32.002449
26.956429 12.019629 32.180317
26.856407 11.547044 32.594482
26.776392 11.168978 32.925819
26.262959 10.432160 33.190887
25.852215 9.842704 33.402939
26.272652 9.226353 33.572582
26.609001 8.733272 33.708298
26.428659 8.338808 33.816868
26.284388 8.023235 33.903725
26.019161 7.625990 34.245087
25.806980 7.308191 34.518177
25.787043 6.909164 34.600708
25.771093 6.589942 34.666737
25.758333 5.900202 34.991432
25.748125 5.348411 35.251190
25.440348 5.196554 35.323059
25.194124 5.075068 35.380554
25.296759 4.833089 35.834362
25.378866 4.639506 36.197407
25.294746 4.339854 36.487846
25.227451 4.100133 36.720196
24.874001 3.618776 36.770138
24.591240 3.233692 36.810089
24.365030 2.925627 36.570179
24.184063 2.679171 36.378250
24.189096 2.337219 36.496582
24.193125 2.063658 36.591248
24.196346 1.700020 36.666977
24.198923 1.409112 36.727562
24.350790 0.742019 36.911968
24.472284 0.208345 37.059494
24.120062 0.215769 36.905640
23.838280 0.221712 36.782555
23.912472 -0.063111 36.684090
23.971825 -0.290971 36.605312
24.019304 -0.907622 36.678230
24.057289 -1.400943 36.736568
24.087677 -1.650812 36.783234
24.111988 -1.850707 36.820568
24.730663 -2.589779 36.034813
25.225605 -3.181036 35.406204
24.722719 -2.930099 35.447071
24.320406 -2.729349 35.479763
23.998556 -2.858326 35.777790
23.741076 -2.961507 36.016212
23.684898 -3.044055 36.342888
23.639956 -3.110090 36.604229
23.604004 -3.162920 36.949242
23.575241 -3.205185 37.225250
23.552233 -3.383784 37.038242
23.533823 -3.526661 36.888638
23.818708 -3.930538 36.904892
24.046621 -4.253642 36.917892
24.079144 -4.367337 36.792358
24.105160 -4.458294 36.691933
24.155949 -4.716919 36.555710
24.166605 -5.027534 36.366673
24.474743 -5.276027 36.079506
24.721256 -5.474819 35.849773
24.768656 -5.633853 35.801926
24.806578 -5.761081 35.763645
25.286335 -6.007651 35.597084
25.670141 -6.204910 35.463837
25.977188 -6.362714 35.357239
26.222822 -6.488960 35.271961
25.670296 -8.182628 34.388111
25.228275 -9.537559 33.681034
25.623692 -9.897564 33.795059
25.940027 -10.185567 33.886276
26.043289 -10.560760 33.687378
26.125896 -10.860912 33.528259
26.042179 -11.969766 32.993149
25.975204 -12.856849 32.565063
26.371044 -13.276938 32.358532
26.687717 -13.613008 32.193306
26.641438 -13.881862 31.517376
26.604418 -14.096950 30.976633
26.874414 -14.558595 30.951849
27.090412 -14.927912 30.932024
26.963593 -15.368155 30.916162
26.862141 -15.720349 30.903473
27.080593 -15.857314 31.165197
27.255356 -15.966887 31.374577
27.395166 -16.344122 30.998329
27.507013 -16.645910 30.697332
27.446682 -16.742554 31.000284
27.398420 -16.819866 31.242647
27.210005 -16.881718 30.892786
27.059271 -16.931198 30.612898
27.537909 -17.694725 30.117111
27.920822 -18.305544 29.720484
28.077341 -18.359833 29.403179
28.202559 -18.403267 29.149338
28.452541 -18.582802 29.218140
28.652527 -18.726427 29.273180
28.662706 -19.130907 28.909401
28.670851 -19.454491 28.618376
28.677364 -19.568569 28.521494
28.536942 -20.022419 28.246048
28.420433 -20.312490 28.087694
28.626841 -20.399755 27.961012
28.791967 -20.469570 27.859665
28.624454 -21.104570 27.778589
28.490444 -21.612574 27.713726
28.233427 -21.874186 27.661839
28.027817 -22.083481 27.620327
28.013134 -22.395700 27.043367
28.001387 -22.645473 26.581800
27.842184 -22.845295 26.620358
27.714821 -23.005156 26.651205
27.762737 -23.277834 26.268070
27.801071 -23.495970 25.961563
27.382317 -23.525692 26.124168
27.047312 -23.549471 26.254253
26.929117 -23.713280 26.222385
26.834560 -23.844334 26.196888
27.058527 -24.238750 25.904617
27.237703 -24.554279 25.670799
27.081427 -24.951492 25.483746
26.956409 -25.269268 25.334103
26.706589 -26.102638 24.806576
26.506733 -26.769339 24.384556
26.646461 -27.302698 23.639126
26.758244 -27.729380 23.042782
26.548054 -28.505089 22.701645
26.379902 -29.125658 22.428734
26.095573 -29.766907 21.666656
25.868113 -30.279902 21.056992
25.835951 -31.703819 19.889576
25.810219 -32.842953 18.955641
25.639830 -33.030312 18.480370
25.503515 -33.180206 18.100151
25.094851 -33.734482 16.980350
24.767920 -34.177906 16.084511
24.056955 -34.967003 15.231903
23.488182 -35.598282 14.549816
23.332781 -36.392883 13.596334
23.208458 -37.028568 12.833549
22.959194 -37.681904 11.543633
22.759781 -38.204567 10.511700
22.600250 -38.477913 8.870527
22.472628 -38.696594 7.557590
22.220722 -39.016327 6.099428
22.019196 -39.272106 4.932899
21.408554 -39.476734 3.319988
20.920040 -39.640434 2.029659
20.379425 -39.771393 0.453646
19.946936 -39.876160 -0.807163
19.451136 -40.104767 -2.087688
19.054495 -40.287647 -3.112106
19.036793 -40.289169 -4.203518
19.022635 -40.290382 -5.076645
18.861504 -40.436146 -5.911083
18.732595 -40.552753 -6.578636
18.329857 -40.356461 -7.520493
18.007666 -40.199432 -8.273975
17.749912 -40.073807 -9.148636
17.543709 -39.973309 -9.848366
17.228937 -39.892910 -11.087837
16.977121 -39.828590 -12.079414
16.476055 -39.632339 -13.280487
16.075205 -39.475338 -14.241348
15.754525 -39.204952 -14.874096
15.497980 -38.988644 -15.380295
15.292744 -38.670815 -16.057129
15.128555 -38.416550 -16.598598
14.997202 -38.213135 -16.895836
14.892121 -38.050404 -17.133625
14.957861 -37.775433 -17.323856
15.010454 -37.555450 -17.476044
14.453303 -37.669048 -18.277481
14.007581 -37.759922 -18.918629
13.950615 -37.543045 -19.431549
13.905045 -37.369541 -19.841885
13.718781 -37.230740 -20.442028
13.569771 -37.119698 -20.922142
13.750178 -36.886078 -21.442169
13.894503 -36.699184 -21.858192
13.560542 -36.260090 -22.191010
13.293374 -35.908810 -22.457264
13.079637 -35.627785 -22.806206
12.908649 -35.402973 -23.085358
13.071472 -35.223114 -23.580555
13.201728 -35.079227 -23.976711
13.455742 -34.529758 -24.157700
13.658955 -34.090183 -24.302490
13.372102 -34.028099 -24.554260
13.142620 -33.978432 -24.755676
13.258649 -33.359543 -25.052750
13.351470 -32.864429 -25.290405
13.425727 -32.323559 -25.888344
13.485135 -31.890863 -26.366695
13.682467 -31.544706 -27.021252
13.840333 -31.267780 -27.544895
13.966626 -31.046238 -28.099747
14.067660 -30.869007 -28.543629
14.448102 -30.727219 -28.626858
14.752454 -30.613787 -28.693443
14.846128 -30.088678 -29.290462
14.921067 -29.668592 -29.768078
15.130827 -29.477308 -29.878296
15.298632 -29.324280 -29.966469
15.133265 -29.201857 -30.444820
15.000973 -29.103920 -30.827499
15.044943 -28.735994 -31.133644
15.080119 -28.441650 -31.378559
14.808647 -28.061390 -31.710430
14.591472 -27.757187 -31.975925
14.567535 -27.224245 -32.324261
14.548388 -26.797894 -32.602924
14.682874 -26.601595 -33.097736
14.790465 -26.444555 -33.493580
14.876536 -26.463717 -33.674320
14.945393 -26.479046 -33.818913
15.150288 -25.912149 -33.798649
15.314204 -25.458639 -33.782436
14.995914 -24.951044 -33.769466
14.741282 -24.544964 -33.759090
14.537578 -24.220102 -33.886730
14.374613 -23.960209 -33.988842
14.244243 -23.462719 -34.478344
14.139946 -23.064724 -34.869946
14.505929 -22.456758 -35.183224
14.798716 -21.970381 -35.433849
14.733334 -21.581278 -35.770283
14.681025 -21.269995 -36.039433
14.639180 -21.165762 -36.390690
14.605702 -21.082376 -36.671696
14.728729 -20.002148 -37.168377
14.827149 -19.137968 -37.565723
15.205499 -18.591408 -37.883595
15.508180 -18.154163 -38.137897
16.049936 -17.514790 -38.341335
16.483341 -17.003290 -38.504086
16.380646 -16.304512 -38.498348
16.298489 -15.745491 -38.493763
16.532375 -15.008698 -38.490093
16.719488 -14.419265 -38.487156
17.468403 -13.368566 -38.620747
18.067535 -12.528008 -38.727619
18.546841 -11.710771 -38.949055
18.930286 -11.056981 -39.126202
19.237043 -10.389159 -38.996044
19.482447 -9.854901 -38.891918
19.978384 -9.137921 -38.808613
20.375134 -8.564335 -38.741970
20.992147 -7.526317 -38.824596
21.485758 -6.695902 -38.890697
21.581032 -6.176355 -38.807636
21.657253 -5.760718 -38.741192
21.568422 -5.428208 -38.959911
21.497356 -5.162202 -39.134884
21.440504 -5.094184 -39.410801
21.395021 -5.039770 -39.631535
21.508446 -4.561873 -39.264370
21.599182 -4.179555 -38.970638
21.671772 -4.163280 -39.143467
21.729843 -4.150260 -39.281734
21.776300 -3.850265 -39.120472
21.813467 -3.610268 -38.991459
21.693392 -3.563062 -39.160122
21.597332 -3.525297 -39.295055
22.119713 -3.350296 -39.267063
22.537619 -3.210296 -39.244671
22.722134 -2.953508 -39.498631
22.869747 -2.748075 -39.701801
23.287449 -2.294154 -39.456524
23.621613 -1.931016 -39.260303
23.589331 -1.350931 -38.967388
23.563505 -0.886862 -38.733051
23.542845 -0.805182 -38.545582
23.526314 -0.739840 -38.395611
23.812702 -0.253202 -38.275631
24.041815 0.136110 -38.179646
24.075300 0.447561 -38.646610
24.102087 0.696720 -39.020184
23.973709 0.751260 -38.775288
